scenario,nb_cars,method,seed,world_seed,grid_seed,car_id,station_id,distance_km,waiting_time_min
pessimistic,250,random_feasible,8,8,8,13,10,0.6497,0.0
pessimistic,250,random_feasible,8,8,8,16,10,0.6363,0.0
pessimistic,250,random_feasible,8,8,8,21,34,0.2561,0.0
pessimistic,250,random_feasible,8,8,8,57,14,0.7553,0.0
pessimistic,250,random_feasible,8,8,8,66,14,0.3365,0.0
pessimistic,250,random_feasible,8,8,8,102,18,0.6144,0.0
pessimistic,250,random_feasible,8,8,8,106,29,0.7104,0.0
pessimistic,250,random_feasible,8,8,8,118,39,0.7941,5.0
pessimistic,250,random_feasible,8,8,8,120,38,0.5431,0.0
pessimistic,250,random_feasible,8,8,8,144,19,0.1234,0.0
pessimistic,250,random_feasible,8,8,8,159,27,0.899,5.0
pessimistic,250,random_feasible,8,8,8,182,24,0.8618,0.0
pessimistic,250,random_feasible,8,8,8,190,12,0.668,0.0
pessimistic,250,random_feasible,8,8,8,199,8,0.6156,0.0
pessimistic,250,random_feasible,8,8,8,225,27,0.9783,5.0
pessimistic,250,random_feasible,8,8,8,199,8,0.7497,0.0
pessimistic,250,random_feasible,8,8,8,35,9,0.434,0.0
pessimistic,250,random_feasible,8,8,8,164,38,0.407,0.0
pessimistic,250,random_feasible,8,8,8,35,29,0.435,0.0
pessimistic,250,random_feasible,8,8,8,66,19,0.4886,0.0
pessimistic,250,random_feasible,8,8,8,173,24,0.9153,0.0
pessimistic,250,random_feasible,8,8,8,120,29,0.5185,0.0
pessimistic,250,random_feasible,8,8,8,75,26,0.5373,0.0
pessimistic,250,random_feasible,8,8,8,187,0,0.6671,0.0
pessimistic,250,random_feasible,8,8,8,225,19,0.557,0.0
pessimistic,250,random_feasible,8,8,8,94,2,0.5974,0.0
pessimistic,250,random_feasible,8,8,8,173,26,0.2951,5.0
pessimistic,250,random_feasible,8,8,8,187,11,0.9888,0.0
pessimistic,250,random_feasible,8,8,8,187,0,0.2872,0.0
pessimistic,250,random_feasible,8,8,8,48,8,0.5069,0.0
pessimistic,250,random_feasible,8,8,8,185,27,0.8972,5.0
pessimistic,250,random_feasible,8,8,8,74,38,0.8902,0.0
pessimistic,250,random_feasible,8,8,8,185,19,0.7218,5.0
pessimistic,250,random_feasible,8,8,8,197,8,0.7497,0.0
pessimistic,250,random_feasible,8,8,8,70,0,0.6293,0.0
pessimistic,250,random_feasible,8,8,8,183,25,0.9236,0.0
pessimistic,250,random_feasible,8,8,8,74,0,0.6671,5.0
pessimistic,250,random_feasible,8,8,8,44,18,0.5842,0.0
pessimistic,250,random_feasible,8,8,8,96,11,0.8392,5.0
pessimistic,250,random_feasible,8,8,8,215,9,0.4095,0.0
pessimistic,250,random_feasible,8,8,8,52,16,0.6766,0.0
pessimistic,250,random_feasible,8,8,8,96,19,0.9383,5.0
pessimistic,250,random_feasible,8,8,8,161,33,0.6756,0.0
pessimistic,250,random_feasible,8,8,8,175,27,0.7875,0.0
pessimistic,250,random_feasible,8,8,8,52,35,0.7597,0.0
pessimistic,250,random_feasible,8,8,8,70,17,0.3368,0.0
pessimistic,250,random_feasible,8,8,8,143,19,0.575,70.0
pessimistic,250,random_feasible,8,8,8,202,32,0.09,0.0
pessimistic,250,random_feasible,8,8,8,162,9,0.8235,5.0
pessimistic,250,random_feasible,8,8,8,74,2,0.5515,0.0
pessimistic,250,random_feasible,8,8,8,52,17,0.6656,0.0
pessimistic,250,random_feasible,8,8,8,153,38,0.9244,0.0
pessimistic,250,random_feasible,8,8,8,195,9,0.8821,95.0
pessimistic,250,random_feasible,8,8,8,153,2,0.4452,5.0
pessimistic,250,random_feasible,8,8,8,195,32,0.7989,0.0
pessimistic,250,random_feasible,8,8,8,153,17,0.8522,5.0
pessimistic,250,random_feasible,8,8,8,186,38,0.8706,5.0
pessimistic,250,random_feasible,8,8,8,206,25,0.9236,5.0
pessimistic,250,random_feasible,8,8,8,146,27,0.8971,5.0
pessimistic,250,random_feasible,8,8,8,147,35,0.8683,0.0
pessimistic,250,random_feasible,8,8,8,206,29,0.6756,0.0
pessimistic,250,random_feasible,8,8,8,106,29,0.9364,5.0
pessimistic,250,random_feasible,8,8,8,146,8,0.709,0.0
pessimistic,250,random_feasible,8,8,8,147,13,0.3124,0.0
pessimistic,250,random_feasible,8,8,8,216,9,0.7388,60.0
pessimistic,250,random_feasible,8,8,8,122,9,0.5766,110.0
pessimistic,250,random_feasible,8,8,8,155,29,0.6756,0.0
pessimistic,250,random_feasible,8,8,8,58,25,0.9236,5.0
pessimistic,250,random_feasible,8,8,8,4,22,0.5865,0.0
pessimistic,250,random_feasible,8,8,8,86,25,0.9236,5.0
pessimistic,250,random_feasible,8,8,8,157,24,0.9982,0.0
pessimistic,250,random_feasible,8,8,8,58,8,0.7136,5.0
pessimistic,250,random_feasible,8,8,8,91,2,0.3906,0.0
pessimistic,250,random_feasible,8,8,8,66,12,0.4966,0.0
pessimistic,250,random_feasible,8,8,8,86,29,0.3855,0.0
pessimistic,250,random_feasible,8,8,8,155,23,0.7899,0.0
pessimistic,250,random_feasible,8,8,8,76,30,0.8774,0.0
pessimistic,250,random_feasible,8,8,8,204,29,0.8586,60.0
pessimistic,250,random_feasible,8,8,8,67,29,0.5178,65.0
pessimistic,250,random_feasible,8,8,8,239,29,0.6651,15.0
pessimistic,250,random_feasible,8,8,8,219,25,0.9236,0.0
pessimistic,250,random_feasible,8,8,8,45,17,0.3178,0.0
pessimistic,250,random_feasible,8,8,8,67,24,0.45,0.0
pessimistic,250,random_feasible,8,8,8,68,9,0.8235,150.0
pessimistic,250,random_feasible,8,8,8,166,3,0.5487,5.0
pessimistic,250,random_feasible,8,8,8,183,8,0.6507,45.0
pessimistic,250,random_feasible,8,8,8,67,32,0.7539,0.0
pessimistic,250,random_feasible,8,8,8,68,9,0.8235,165.0
pessimistic,250,random_feasible,8,8,8,216,11,0.8392,0.0
pessimistic,250,random_feasible,8,8,8,219,2,0.4416,55.0
pessimistic,250,random_feasible,8,8,8,45,20,0.9438,0.0
pessimistic,250,random_feasible,8,8,8,46,8,0.7026,145.0
pessimistic,250,random_feasible,8,8,8,163,0,0.6671,0.0
pessimistic,250,random_feasible,8,8,8,180,8,0.7497,150.0
pessimistic,250,random_feasible,8,8,8,183,27,0.7723,0.0
pessimistic,250,random_feasible,8,8,8,249,25,0.6071,0.0
pessimistic,250,random_feasible,8,8,8,51,11,0.7039,5.0
pessimistic,250,random_feasible,8,8,8,56,25,0.9236,0.0
pessimistic,250,random_feasible,8,8,8,51,35,0.7615,0.0
pessimistic,250,random_feasible,8,8,8,60,17,0.4268,20.0
pessimistic,250,random_feasible,8,8,8,145,12,0.2836,0.0
pessimistic,250,random_feasible,8,8,8,163,0,0.6608,0.0
pessimistic,250,random_feasible,8,8,8,117,11,0.8392,0.0
pessimistic,250,random_feasible,8,8,8,208,11,0.8392,5.0
pessimistic,250,random_feasible,8,8,8,29,8,0.7497,155.0
pessimistic,250,random_feasible,8,8,8,110,36,0.7124,5.0
pessimistic,250,random_feasible,8,8,8,114,19,0.7561,35.0
pessimistic,250,random_feasible,8,8,8,117,13,0.9289,0.0
pessimistic,250,random_feasible,8,8,8,230,38,0.7166,0.0
pessimistic,250,random_feasible,8,8,8,241,6,0.8354,5.0
pessimistic,250,random_feasible,8,8,8,137,8,0.3372,0.0
pessimistic,250,random_feasible,8,8,8,235,0,0.6671,0.0
pessimistic,250,random_feasible,8,8,8,51,31,0.8444,0.0
pessimistic,250,random_feasible,8,8,8,235,17,0.4268,5.0
pessimistic,250,random_feasible,8,8,8,178,29,0.6756,0.0
pessimistic,250,random_feasible,8,8,8,51,2,0.8131,0.0
pessimistic,250,random_feasible,8,8,8,177,12,0.1808,0.0
pessimistic,250,random_feasible,8,8,8,199,29,0.6756,0.0
pessimistic,250,random_feasible,8,8,8,10,25,0.8551,5.0
pessimistic,250,random_feasible,8,8,8,137,19,0.7692,5.0
pessimistic,250,random_feasible,8,8,8,200,16,0.7714,0.0
pessimistic,250,random_feasible,8,8,8,230,35,0.9871,0.0
pessimistic,250,random_feasible,8,8,8,21,9,0.5082,155.0
pessimistic,250,random_feasible,8,8,8,54,29,0.6756,60.0
pessimistic,250,random_feasible,8,8,8,95,25,0.9236,0.0
pessimistic,250,random_feasible,8,8,8,189,8,0.7497,5.0
pessimistic,250,random_feasible,8,8,8,199,14,0.6424,0.0
pessimistic,250,random_feasible,8,8,8,209,24,0.8643,5.0
pessimistic,250,random_feasible,8,8,8,227,29,0.55,0.0
pessimistic,250,random_feasible,8,8,8,230,20,0.6517,0.0
pessimistic,250,random_feasible,8,8,8,55,12,0.1983,120.0
pessimistic,250,random_feasible,8,8,8,88,38,0.7292,0.0
pessimistic,250,random_feasible,8,8,8,112,15,0.7856,0.0
pessimistic,250,random_feasible,8,8,8,238,8,0.6801,95.0
pessimistic,250,random_feasible,8,8,8,99,27,0.9767,0.0
pessimistic,250,random_feasible,8,8,8,116,8,0.7497,145.0
pessimistic,250,random_feasible,8,8,8,3,8,0.7497,125.0
pessimistic,250,random_feasible,8,8,8,99,27,0.9704,0.0
pessimistic,250,random_feasible,8,8,8,16,8,0.7497,160.0
pessimistic,250,random_feasible,8,8,8,236,19,0.779,45.0
pessimistic,250,random_feasible,8,8,8,30,20,0.8613,0.0
pessimistic,250,random_feasible,8,8,8,136,9,0.8235,160.0
pessimistic,250,random_feasible,8,8,8,28,8,0.591,165.0
pessimistic,250,random_feasible,8,8,8,158,19,1.2977,0.0
pessimistic,250,random_feasible,8,8,8,181,4,0.6026,0.0
pessimistic,250,random_feasible,8,8,8,73,10,0.9328,0.0
pessimistic,250,random_feasible,8,8,8,99,27,0.7386,0.0
pessimistic,250,random_feasible,8,8,8,181,3,0.1364,0.0
pessimistic,250,random_feasible,8,8,8,220,0,0.6671,0.0
pessimistic,250,random_feasible,8,8,8,248,12,0.1623,90.0
pessimistic,250,random_feasible,8,8,8,112,15,0.875,0.0
pessimistic,250,random_feasible,8,8,8,181,30,0.8411,0.0
pessimistic,250,random_feasible,8,8,8,248,8,0.6858,175.0
pessimistic,250,random_feasible,8,8,8,30,38,0.4005,0.0
pessimistic,250,random_feasible,8,8,8,188,13,0.8765,5.0
pessimistic,250,random_feasible,8,8,8,198,34,0.7066,0.0
pessimistic,250,random_feasible,8,8,8,30,33,0.4509,0.0
pessimistic,250,random_feasible,8,8,8,158,4,0.4589,0.0
pessimistic,250,random_feasible,8,8,8,223,11,0.8392,0.0
pessimistic,250,random_feasible,8,8,8,54,32,0.8384,0.0
pessimistic,250,random_feasible,8,8,8,188,11,0.8392,0.0
pessimistic,250,random_feasible,8,8,8,218,20,0.6658,5.0
pessimistic,250,random_feasible,8,8,8,196,2,0.5974,5.0
pessimistic,250,random_feasible,8,8,8,121,12,0.1536,115.0
pessimistic,250,random_feasible,8,8,8,148,11,0.8392,110.0
pessimistic,250,random_feasible,8,8,8,192,13,0.8765,0.0
pessimistic,250,random_feasible,8,8,8,217,23,0.7698,0.0
pessimistic,250,random_feasible,8,8,8,240,38,0.8321,0.0
pessimistic,250,random_feasible,8,8,8,14,15,0.9646,0.0
pessimistic,250,random_feasible,8,8,8,149,23,0.6663,0.0
pessimistic,250,random_feasible,8,8,8,223,31,0.8644,0.0
pessimistic,250,random_feasible,8,8,8,227,8,0.7034,15.0
pessimistic,250,random_feasible,8,8,8,240,29,0.6756,0.0
pessimistic,250,random_feasible,8,8,8,131,38,0.3239,5.0
pessimistic,250,random_feasible,8,8,8,133,27,0.7664,0.0
pessimistic,250,random_feasible,8,8,8,201,8,0.7426,105.0
pessimistic,250,random_feasible,8,8,8,30,11,0.4654,0.0
pessimistic,250,random_feasible,8,8,8,54,33,0.821,0.0
pessimistic,250,random_feasible,8,8,8,133,8,0.4097,100.0
pessimistic,250,random_feasible,8,8,8,109,18,0.3152,5.0
pessimistic,250,random_feasible,8,8,8,217,23,0.9179,0.0
pessimistic,250,random_feasible,8,8,8,219,29,0.6756,5.0
pessimistic,250,random_feasible,8,8,8,240,29,0.4344,0.0
pessimistic,250,random_feasible,8,8,8,64,0,0.7127,5.0
pessimistic,250,random_feasible,8,8,8,152,8,0.7497,90.0
pessimistic,250,random_feasible,8,8,8,227,27,0.9842,0.0
pessimistic,250,random_feasible,8,8,8,160,8,0.7497,0.0
pessimistic,250,random_feasible,8,8,8,109,18,0.4919,0.0
pessimistic,250,random_feasible,8,8,8,48,38,0.9186,0.0
pessimistic,250,random_feasible,8,8,8,109,36,0.7936,0.0
pessimistic,250,random_feasible,8,8,8,204,11,0.8392,0.0
pessimistic,250,random_feasible,8,8,8,48,29,0.6756,0.0
pessimistic,250,random_feasible,8,8,8,204,10,0.5403,5.0
pessimistic,250,random_feasible,8,8,8,139,27,0.9375,5.0
pessimistic,250,random_feasible,8,8,8,204,18,0.6335,0.0
pessimistic,250,random_feasible,8,8,8,77,11,0.8392,45.0
pessimistic,250,random_feasible,8,8,8,78,29,0.6173,0.0
pessimistic,250,random_feasible,8,8,8,121,12,0.1338,0.0
pessimistic,250,random_feasible,8,8,8,204,19,0.4847,0.0
pessimistic,250,random_feasible,8,8,8,11,0,0.6671,5.0
pessimistic,250,random_feasible,8,8,8,121,12,0.1338,0.0
pessimistic,250,random_feasible,8,8,8,11,0,0.6671,0.0
pessimistic,250,random_feasible,8,8,8,39,27,0.7386,15.0
pessimistic,250,random_feasible,8,8,8,138,12,0.1863,70.0
pessimistic,250,random_feasible,8,8,8,111,8,0.7497,100.0
pessimistic,250,random_feasible,8,8,8,239,27,0.4304,80.0
pessimistic,250,random_feasible,8,8,8,16,19,0.7335,45.0
pessimistic,250,random_feasible,8,8,8,40,33,0.9526,5.0
pessimistic,250,random_feasible,8,8,8,43,8,0.515,85.0
pessimistic,250,random_feasible,8,8,8,68,4,0.8803,0.0
pessimistic,250,random_feasible,8,8,8,234,13,0.4625,0.0
pessimistic,250,random_feasible,8,8,8,40,17,0.4268,0.0
pessimistic,250,random_feasible,8,8,8,114,17,0.8826,0.0
pessimistic,250,random_feasible,8,8,8,166,3,0.2702,0.0
pessimistic,250,random_feasible,8,8,8,231,8,0.7497,105.0
pessimistic,250,random_feasible,8,8,8,25,20,0.3361,50.0
pessimistic,250,random_feasible,8,8,8,101,38,0.7292,0.0
pessimistic,250,random_feasible,8,8,8,101,0,0.9712,45.0
pessimistic,250,random_feasible,8,8,8,39,12,0.6964,50.0
pessimistic,250,random_feasible,8,8,8,242,29,0.6756,5.0
pessimistic,250,random_feasible,8,8,8,138,8,0.6326,170.0
pessimistic,250,random_feasible,8,8,8,170,17,0.4268,0.0
pessimistic,250,random_feasible,8,8,8,202,8,0.7497,210.0
pessimistic,250,random_feasible,8,8,8,203,3,0.7224,0.0
pessimistic,250,random_feasible,8,8,8,222,12,0.39,20.0
pessimistic,250,random_feasible,8,8,8,194,28,0.8085,0.0
pessimistic,250,random_feasible,8,8,8,7,29,0.6756,70.0
pessimistic,250,random_feasible,8,8,8,31,25,0.8563,0.0
pessimistic,250,random_feasible,8,8,8,55,8,0.6326,0.0
pessimistic,250,random_feasible,8,8,8,222,12,0.1338,15.0
pessimistic,250,random_feasible,8,8,8,31,9,0.8235,45.0
pessimistic,250,random_feasible,8,8,8,55,8,0.6326,0.0
pessimistic,250,random_feasible,8,8,8,55,9,0.7087,40.0
pessimistic,250,random_feasible,8,8,8,98,27,1.162,0.0
pessimistic,250,random_feasible,8,8,8,183,8,0.7497,255.0
pessimistic,250,random_feasible,8,8,8,242,29,0.5174,5.0
pessimistic,250,random_feasible,8,8,8,97,11,0.4652,110.0
pessimistic,250,random_feasible,8,8,8,191,13,0.8765,0.0
pessimistic,250,random_feasible,8,8,8,205,17,0.4268,100.0
pessimistic,250,random_feasible,8,8,8,85,19,0.8418,0.0
pessimistic,250,random_feasible,8,8,8,226,29,0.5177,5.0
pessimistic,250,random_feasible,8,8,8,244,2,0.4842,0.0
pessimistic,250,random_feasible,8,8,8,89,29,0.6028,115.0
pessimistic,250,random_feasible,8,8,8,174,26,0.439,0.0
pessimistic,250,random_feasible,8,8,8,244,10,0.4326,0.0
pessimistic,250,random_feasible,8,8,8,1,13,0.8765,0.0
pessimistic,250,random_feasible,8,8,8,1,8,0.6553,255.0
pessimistic,250,random_feasible,8,8,8,7,27,0.6451,50.0
pessimistic,250,random_feasible,8,8,8,159,3,0.8759,0.0
pessimistic,250,random_feasible,8,8,8,31,9,0.3925,25.0
pessimistic,250,random_feasible,8,8,8,214,25,0.9688,0.0
pessimistic,250,random_feasible,8,8,8,211,13,0.9634,0.0
pessimistic,250,random_feasible,8,8,8,209,32,0.3535,0.0
pessimistic,250,random_feasible,8,8,8,168,4,0.8659,0.0
pessimistic,250,random_feasible,8,8,8,131,11,0.8392,110.0
pessimistic,250,random_feasible,8,8,8,187,9,0.8235,5.0
pessimistic,250,random_feasible,8,8,8,18,9,0.8299,5.0
pessimistic,250,random_feasible,8,8,8,83,9,0.4995,5.0
pessimistic,250,random_feasible,8,8,8,131,13,0.4436,5.0
pessimistic,250,random_feasible,8,8,8,180,30,0.7297,0.0
pessimistic,250,random_feasible,8,8,8,187,27,0.9297,155.0
pessimistic,250,random_feasible,8,8,8,219,12,0.5972,10.0
pessimistic,250,random_feasible,8,8,8,211,5,0.8327,0.0
pessimistic,250,random_feasible,8,8,8,123,31,0.9939,0.0
pessimistic,250,random_feasible,8,8,8,140,17,0.9335,120.0
pessimistic,250,random_feasible,8,8,8,169,11,0.8392,45.0
pessimistic,250,random_feasible,8,8,8,209,27,0.4141,130.0
pessimistic,250,random_feasible,8,8,8,211,15,0.7606,0.0
pessimistic,250,random_feasible,8,8,8,240,33,0.863,0.0
pessimistic,250,random_feasible,8,8,8,7,29,0.5769,5.0
pessimistic,250,random_feasible,8,8,8,123,16,0.7832,0.0
pessimistic,250,random_feasible,8,8,8,169,36,0.4652,0.0
pessimistic,250,random_feasible,8,8,8,36,18,0.6335,0.0
pessimistic,250,random_feasible,8,8,8,193,25,0.7542,0.0
pessimistic,250,random_feasible,8,8,8,49,19,1.3771,60.0
pessimistic,250,random_feasible,8,8,8,240,38,0.4184,0.0
pessimistic,250,random_feasible,8,8,8,62,2,0.4696,0.0
pessimistic,250,random_feasible,8,8,8,89,34,0.9038,0.0
pessimistic,250,random_feasible,8,8,8,108,33,0.9915,0.0
pessimistic,250,random_feasible,8,8,8,123,27,0.9,25.0
pessimistic,250,random_feasible,8,8,8,128,25,0.9236,5.0
pessimistic,250,random_feasible,8,8,8,193,29,0.5859,40.0
pessimistic,250,random_feasible,8,8,8,211,31,0.8444,0.0
pessimistic,250,random_feasible,8,8,8,246,8,0.7497,220.0
pessimistic,250,random_feasible,8,8,8,89,23,0.7899,0.0
pessimistic,250,random_feasible,8,8,8,128,25,0.9236,0.0
pessimistic,250,random_feasible,8,8,8,211,3,0.9443,0.0
pessimistic,250,random_feasible,8,8,8,7,25,0.6522,0.0
pessimistic,250,random_feasible,8,8,8,65,0,0.6671,0.0
pessimistic,250,random_feasible,8,8,8,141,4,0.7804,0.0
pessimistic,250,random_feasible,8,8,8,65,17,0.4268,45.0
pessimistic,250,random_feasible,8,8,8,115,17,0.3314,130.0
pessimistic,250,random_feasible,8,8,8,128,14,0.8426,0.0
pessimistic,250,random_feasible,8,8,8,141,20,0.5395,50.0
pessimistic,250,random_feasible,8,8,8,243,8,0.7422,200.0
pessimistic,250,random_feasible,8,8,8,109,2,0.4234,0.0
pessimistic,250,random_feasible,8,8,8,109,2,0.5974,5.0
pessimistic,250,random_feasible,8,8,8,204,20,0.5871,0.0
pessimistic,250,random_feasible,8,8,8,87,17,0.3238,5.0
pessimistic,250,random_feasible,8,8,8,89,20,0.3877,100.0
pessimistic,250,random_feasible,8,8,8,167,2,0.6252,0.0
pessimistic,250,random_feasible,8,8,8,6,6,0.3784,0.0
pessimistic,250,random_feasible,8,8,8,204,2,0.438,0.0
pessimistic,250,random_feasible,8,8,8,81,0,0.6671,0.0
pessimistic,250,random_feasible,8,8,8,72,27,0.7981,100.0
pessimistic,250,random_feasible,8,8,8,109,18,0.4172,0.0
pessimistic,250,random_feasible,8,8,8,132,15,0.8668,5.0
pessimistic,250,random_feasible,8,8,8,72,18,0.6335,0.0
pessimistic,250,random_feasible,8,8,8,78,8,0.7497,35.0
pessimistic,250,random_feasible,8,8,8,202,27,0.9842,65.0
pessimistic,250,random_feasible,8,8,8,6,33,0.9491,0.0
pessimistic,250,random_feasible,8,8,8,42,9,0.8235,185.0
pessimistic,250,random_feasible,8,8,8,109,38,0.4292,0.0
pessimistic,250,random_feasible,8,8,8,141,3,0.3112,5.0
pessimistic,250,random_feasible,8,8,8,238,25,0.9236,5.0
pessimistic,250,random_feasible,8,8,8,38,19,1.3771,30.0
pessimistic,250,random_feasible,8,8,8,165,12,0.5907,15.0
pessimistic,250,random_feasible,8,8,8,184,13,0.3977,0.0
pessimistic,250,random_feasible,8,8,8,3,19,1.2374,20.0
pessimistic,250,random_feasible,8,8,8,38,19,1.3771,5.0
pessimistic,250,random_feasible,8,8,8,100,19,1.3484,55.0
pessimistic,250,random_feasible,8,8,8,134,0,0.6671,5.0
pessimistic,250,random_feasible,8,8,8,29,9,0.8132,155.0
pessimistic,250,random_feasible,8,8,8,37,8,0.7497,220.0
pessimistic,250,random_feasible,8,8,8,38,12,1.4283,5.0
pessimistic,250,random_feasible,8,8,8,113,25,0.8869,5.0
pessimistic,250,random_feasible,8,8,8,37,8,0.7497,205.0
pessimistic,250,random_feasible,8,8,8,37,25,0.9236,0.0
pessimistic,250,random_feasible,8,8,8,126,20,0.6728,0.0
pessimistic,250,random_feasible,8,8,8,37,14,0.3519,0.0
pessimistic,250,random_feasible,8,8,8,179,36,0.6765,0.0
pessimistic,250,random_feasible,8,8,8,53,8,0.7497,170.0
pessimistic,250,random_feasible,8,8,8,107,17,0.4268,90.0
pessimistic,250,random_feasible,8,8,8,204,38,0.2478,5.0
pessimistic,250,random_feasible,8,8,8,134,20,0.2368,0.0
pessimistic,250,random_feasible,8,8,8,38,25,0.8442,0.0
pessimistic,250,random_feasible,8,8,8,47,29,0.6756,30.0
pessimistic,250,random_feasible,8,8,8,84,33,0.381,0.0
pessimistic,250,random_feasible,8,8,8,126,3,0.1972,0.0
pessimistic,250,random_feasible,8,8,8,136,16,0.8408,0.0
pessimistic,250,random_feasible,8,8,8,136,14,0.252,5.0
pessimistic,250,random_feasible,8,8,8,1,8,0.3337,125.0
pessimistic,250,random_feasible,8,8,8,34,8,0.7497,35.0
pessimistic,250,random_feasible,8,8,8,61,14,0.8883,35.0
pessimistic,250,random_feasible,8,8,8,125,29,0.9437,105.0
pessimistic,250,random_feasible,8,8,8,133,27,0.9303,0.0
pessimistic,250,random_feasible,8,8,8,228,18,0.5547,5.0
pessimistic,250,random_feasible,8,8,8,229,10,0.5396,0.0
pessimistic,250,random_feasible,8,8,8,12,10,0.5403,10.0
pessimistic,250,random_feasible,8,8,8,61,29,0.6304,115.0
pessimistic,250,random_feasible,8,8,8,82,18,0.6335,50.0
pessimistic,250,random_feasible,8,8,8,84,29,0.8274,80.0
pessimistic,250,random_feasible,8,8,8,133,29,0.4726,145.0
pessimistic,250,random_feasible,8,8,8,135,0,0.9614,0.0
pessimistic,250,random_feasible,8,8,8,228,13,0.8827,0.0
pessimistic,250,random_feasible,8,8,8,82,18,0.6335,5.0
pessimistic,250,random_feasible,8,8,8,126,31,0.7388,0.0
pessimistic,250,random_feasible,8,8,8,224,30,0.3522,0.0
pessimistic,250,random_feasible,8,8,8,0,12,0.1416,5.0
pessimistic,250,random_feasible,8,8,8,19,17,0.4268,0.0
pessimistic,250,random_feasible,8,8,8,176,10,0.5403,0.0
pessimistic,250,random_feasible,8,8,8,19,17,0.4268,0.0
pessimistic,250,random_feasible,8,8,8,116,3,0.5375,0.0
pessimistic,250,random_feasible,8,8,8,15,12,0.3076,10.0
pessimistic,250,random_feasible,8,8,8,26,27,0.7988,10.0
pessimistic,250,random_feasible,8,8,8,168,19,0.8774,5.0
pessimistic,250,random_feasible,8,8,8,22,13,0.8793,5.0
pessimistic,250,random_feasible,8,8,8,71,7,0.3951,0.0
pessimistic,250,random_feasible,8,8,8,224,36,0.1148,0.0
pessimistic,250,random_feasible,8,8,8,247,14,0.427,5.0
pessimistic,250,random_feasible,8,8,8,127,8,0.4415,160.0
pessimistic,250,random_feasible,8,8,8,224,24,0.9971,0.0
pessimistic,250,random_feasible,8,8,8,32,8,0.6806,150.0
pessimistic,250,random_feasible,8,8,8,210,12,0.2352,55.0
pessimistic,250,random_feasible,8,8,8,22,36,0.7192,0.0
pessimistic,250,random_feasible,8,8,8,183,8,0.3337,155.0
pessimistic,250,random_feasible,8,8,8,210,12,0.2352,40.0
pessimistic,250,random_feasible,8,8,8,224,30,0.6132,0.0
pessimistic,250,random_feasible,8,8,8,247,14,0.114,0.0
pessimistic,250,random_feasible,8,8,8,2,13,0.8765,0.0
pessimistic,250,random_feasible,8,8,8,59,18,0.6335,0.0
pessimistic,250,random_feasible,8,8,8,145,2,0.5587,0.0
pessimistic,250,random_feasible,8,8,8,151,31,0.8087,5.0
pessimistic,250,random_feasible,8,8,8,17,17,0.4268,75.0
pessimistic,250,random_feasible,8,8,8,154,38,0.7292,5.0
pessimistic,250,random_feasible,8,8,8,23,2,0.5569,0.0
pessimistic,250,random_feasible,8,8,8,111,15,0.817,0.0
pessimistic,250,random_feasible,8,8,8,164,11,0.9172,0.0
pessimistic,250,random_feasible,8,8,8,111,13,0.8517,0.0
pessimistic,250,random_feasible,8,8,8,175,25,0.9236,0.0
pessimistic,250,random_feasible,8,8,8,207,0,0.461,40.0
pessimistic,250,random_feasible,8,8,8,224,12,0.148,60.0
pessimistic,250,random_feasible,8,8,8,247,9,0.8232,20.0
pessimistic,250,random_feasible,8,8,8,210,12,0.1762,0.0
pessimistic,250,random_feasible,8,8,8,243,14,0.8712,0.0
pessimistic,250,random_feasible,8,8,8,210,9,0.8357,85.0
pessimistic,250,random_feasible,8,8,8,151,19,0.7009,5.0
pessimistic,250,random_feasible,8,8,8,167,19,1.3771,0.0
pessimistic,250,random_feasible,8,8,8,151,11,0.558,0.0
pessimistic,250,random_feasible,8,8,8,172,12,0.3295,0.0
pessimistic,250,random_feasible,8,8,8,50,25,0.8521,0.0
pessimistic,250,random_feasible,8,8,8,53,8,0.6713,130.0
pessimistic,250,random_feasible,8,8,8,103,8,0.7497,35.0
pessimistic,250,random_feasible,8,8,8,20,14,0.8027,0.0
pessimistic,250,random_feasible,8,8,8,20,25,0.8964,5.0
pessimistic,250,random_feasible,8,8,8,247,22,0.915,0.0
pessimistic,250,random_feasible,8,8,8,248,9,0.8235,5.0
pessimistic,250,random_feasible,8,8,8,233,27,0.7386,0.0
pessimistic,250,random_feasible,8,8,8,8,11,0.546,0.0
pessimistic,250,random_feasible,8,8,8,63,11,0.4667,20.0
pessimistic,250,random_feasible,8,8,8,63,11,0.8392,0.0
pessimistic,250,random_feasible,8,8,8,65,20,0.6033,0.0
pessimistic,250,random_feasible,8,8,8,103,19,0.6469,0.0
pessimistic,250,random_feasible,8,8,8,165,27,0.9247,60.0
pessimistic,250,random_feasible,8,8,8,63,18,0.8433,0.0
pessimistic,250,random_feasible,8,8,8,103,14,0.8712,0.0
pessimistic,250,random_feasible,8,8,8,155,29,0.5804,20.0
pessimistic,250,random_feasible,8,8,8,212,17,0.4268,0.0
pessimistic,250,random_feasible,8,8,8,83,19,0.9035,65.0
pessimistic,250,random_feasible,8,8,8,112,10,0.5403,0.0
pessimistic,250,random_feasible,8,8,8,29,9,0.9325,100.0
pessimistic,250,random_feasible,8,8,8,83,3,0.7834,0.0
pessimistic,250,random_feasible,8,8,8,141,25,0.5834,5.0
pessimistic,250,random_feasible,8,8,8,232,15,0.999,0.0
pessimistic,250,random_feasible,8,8,8,7,3,0.7989,0.0
pessimistic,250,random_feasible,8,8,8,29,12,0.2863,35.0
pessimistic,250,random_feasible,8,8,8,141,27,0.8997,0.0
pessimistic,250,random_feasible,8,8,8,221,18,0.6335,5.0
pessimistic,250,random_feasible,8,8,8,6,18,0.6335,5.0
pessimistic,250,random_feasible,8,8,8,171,13,0.8765,0.0
pessimistic,250,random_feasible,8,8,8,221,18,0.6335,20.0
pessimistic,250,random_feasible,8,8,8,27,16,0.6667,0.0
pessimistic,250,random_feasible,8,8,8,124,7,0.9566,0.0
pessimistic,250,random_feasible,8,8,8,171,10,0.5403,5.0
pessimistic,250,random_feasible,8,8,8,28,38,0.7292,0.0
pessimistic,250,random_feasible,8,8,8,171,18,0.6335,20.0
pessimistic,250,random_feasible,8,8,8,107,17,0.4268,65.0
pessimistic,250,random_feasible,8,8,8,160,11,0.7401,0.0
pessimistic,250,random_feasible,8,8,8,56,19,0.7291,0.0
pessimistic,250,random_feasible,8,8,8,183,27,0.9842,125.0
pessimistic,250,random_feasible,8,8,8,90,8,0.402,115.0
pessimistic,250,random_feasible,8,8,8,183,27,0.9842,125.0
pessimistic,250,random_feasible,8,8,8,221,18,0.3712,0.0
pessimistic,250,random_feasible,8,8,8,80,2,0.5191,0.0
pessimistic,250,random_feasible,8,8,8,185,8,0.7497,5.0
pessimistic,250,random_feasible,8,8,8,201,25,0.7254,0.0
pessimistic,250,random_feasible,8,8,8,221,18,0.4852,5.0
pessimistic,250,random_feasible,8,8,8,237,20,0.962,5.0
pessimistic,250,random_feasible,8,8,8,113,19,0.6645,20.0
pessimistic,250,random_feasible,8,8,8,173,2,0.4736,140.0
pessimistic,250,random_feasible,8,8,8,201,0,0.6671,0.0
pessimistic,250,random_feasible,8,8,8,237,33,0.7419,0.0
pessimistic,250,random_feasible,8,8,8,80,29,0.5185,0.0
pessimistic,250,random_feasible,8,8,8,111,19,0.5877,30.0
pessimistic,250,random_feasible,8,8,8,33,12,0.1581,15.0
pessimistic,250,random_feasible,8,8,8,133,2,0.5974,0.0
pessimistic,250,random_feasible,8,8,8,101,5,0.2926,0.0
pessimistic,250,random_feasible,8,8,8,101,0,0.7562,0.0
pessimistic,250,random_feasible,8,8,8,102,6,0.7778,0.0
pessimistic,250,random_feasible,8,8,8,229,13,0.8765,0.0
pessimistic,250,random_feasible,8,8,8,209,16,0.8864,0.0
pessimistic,250,random_feasible,8,8,8,33,8,0.6326,140.0
pessimistic,250,random_feasible,8,8,8,246,7,0.8265,5.0
pessimistic,250,random_feasible,8,8,8,111,8,0.7184,0.0
pessimistic,250,random_feasible,8,8,8,24,3,0.9944,0.0
pessimistic,250,random_feasible,8,8,8,101,16,0.8244,0.0
pessimistic,250,random_feasible,8,8,8,245,17,0.6591,5.0
pessimistic,250,random_feasible,8,8,8,24,2,0.6327,5.0
pessimistic,250,random_feasible,8,8,8,233,4,0.4096,0.0
pessimistic,250,random_feasible,8,8,8,22,18,0.6335,5.0
pessimistic,250,random_feasible,8,8,8,13,17,0.289,90.0
pessimistic,250,random_feasible,8,8,8,32,12,1.4283,5.0
pessimistic,250,random_feasible,8,8,8,209,19,0.6735,90.0
pessimistic,250,random_feasible,8,8,8,9,8,0.7497,150.0
pessimistic,250,random_feasible,8,8,8,157,38,0.4203,0.0
pessimistic,250,random_feasible,8,8,8,176,19,0.4376,0.0
pessimistic,250,random_feasible,8,8,8,21,9,0.6809,0.0
pessimistic,250,random_feasible,8,8,8,183,19,0.5961,120.0
pessimistic,250,random_feasible,8,8,8,249,8,0.7497,150.0
pessimistic,250,random_feasible,8,8,8,103,8,0.5245,175.0
pessimistic,250,random_feasible,8,8,8,142,8,0.7497,195.0
pessimistic,250,random_feasible,8,8,8,224,9,0.99,0.0
pessimistic,250,random_feasible,8,8,8,93,16,0.5994,0.0
pessimistic,250,random_feasible,8,8,8,103,8,0.6215,140.0
pessimistic,250,random_feasible,8,8,8,49,29,0.5161,0.0
pessimistic,250,random_feasible,8,8,8,206,20,0.6586,0.0
pessimistic,250,random_feasible,8,8,8,206,20,0.1922,0.0
pessimistic,250,random_feasible,8,8,8,224,3,0.3579,0.0
pessimistic,250,random_feasible,8,8,8,243,16,0.3087,0.0
pessimistic,250,random_feasible,8,8,8,187,19,0.5358,120.0
pessimistic,250,random_feasible,8,8,8,193,18,0.6335,5.0
pessimistic,250,random_feasible,8,8,8,143,9,0.8235,0.0
pessimistic,250,random_feasible,8,8,8,148,29,0.5924,0.0
pessimistic,250,random_feasible,8,8,8,143,29,0.6756,10.0
pessimistic,250,random_feasible,8,8,8,79,8,0.7497,130.0
pessimistic,250,random_feasible,8,8,8,9,15,0.6061,0.0
pessimistic,250,random_feasible,8,8,8,41,12,0.1448,0.0
pessimistic,250,random_feasible,8,8,8,111,8,0.5777,15.0
pessimistic,250,random_feasible,8,8,8,193,18,0.4919,0.0
pessimistic,250,random_feasible,8,8,8,243,10,0.1299,0.0
pessimistic,250,random_feasible,8,8,8,143,2,0.3719,0.0
pessimistic,250,random_feasible,8,8,8,143,13,0.7202,0.0
pessimistic,250,random_feasible,8,8,8,183,27,0.8549,0.0
pessimistic,250,random_feasible,8,8,8,61,7,0.2448,0.0
pessimistic,250,random_feasible,8,8,8,105,2,0.5974,35.0
pessimistic,250,random_feasible,8,8,8,186,12,0.4529,0.0
pessimistic,250,random_feasible,8,8,8,198,12,0.6893,0.0
pessimistic,250,random_feasible,8,8,8,243,28,0.8673,0.0
pessimistic,250,random_feasible,8,8,8,249,27,0.7521,5.0
pessimistic,250,random_feasible,8,8,8,61,5,0.6706,0.0
pessimistic,250,random_feasible,8,8,8,243,11,0.8392,0.0
pessimistic,250,random_feasible,8,8,8,7,2,0.5974,5.0
pessimistic,250,random_feasible,8,8,8,32,10,0.5403,5.0
pessimistic,250,random_feasible,8,8,8,32,19,0.512,0.0
pessimistic,250,random_feasible,8,8,8,187,16,0.8426,0.0
pessimistic,250,random_feasible,8,8,8,69,2,0.4902,70.0
pessimistic,250,random_feasible,8,8,8,94,10,0.5403,5.0
pessimistic,250,random_feasible,8,8,8,75,8,0.7497,0.0
pessimistic,250,random_feasible,8,8,8,99,29,0.5367,0.0
pessimistic,250,random_feasible,8,8,8,190,13,0.8765,0.0
pessimistic,250,random_feasible,8,8,8,86,12,0.1474,40.0
pessimistic,250,random_feasible,8,8,8,79,31,0.6462,0.0
pessimistic,250,random_feasible,8,8,8,149,8,0.7497,45.0
pessimistic,250,random_feasible,8,8,8,221,25,0.9236,0.0
pessimistic,250,random_feasible,8,8,8,241,0,0.6671,0.0
pessimistic,250,random_feasible,8,8,8,91,29,0.8236,0.0
pessimistic,250,random_feasible,8,8,8,92,7,0.5685,0.0
pessimistic,250,random_feasible,8,8,8,144,23,0.3224,0.0
pessimistic,250,random_feasible,8,8,8,92,11,0.8392,0.0
pessimistic,250,random_feasible,8,8,8,96,10,0.5403,5.0
pessimistic,250,random_feasible,8,8,8,96,11,0.8392,0.0
pessimistic,250,random_feasible,8,8,8,37,2,0.5974,85.0
pessimistic,250,random_feasible,8,8,8,20,38,0.8147,0.0
pessimistic,250,random_feasible,8,8,8,37,2,0.693,75.0
pessimistic,250,random_feasible,8,8,8,42,18,0.4087,5.0
pessimistic,250,random_feasible,8,8,8,20,19,0.8501,0.0
pessimistic,250,random_feasible,8,8,8,37,38,0.85,5.0
pessimistic,250,random_feasible,8,8,8,42,5,0.6487,0.0
pessimistic,250,random_feasible,8,8,8,122,10,0.8502,0.0
pessimistic,250,random_feasible,8,8,8,241,20,0.2368,0.0
pessimistic,250,random_feasible,8,8,8,35,27,0.7808,0.0
pessimistic,250,random_feasible,8,8,8,37,12,0.6009,105.0
pessimistic,250,random_feasible,8,8,8,95,0,0.5423,0.0
pessimistic,250,random_feasible,8,8,8,149,27,0.7723,0.0
pessimistic,250,random_feasible,8,8,8,152,17,0.8164,0.0
pessimistic,250,random_feasible,8,8,8,158,13,0.8765,0.0
pessimistic,250,random_feasible,8,8,8,182,8,0.7497,85.0
pessimistic,250,random_feasible,8,8,8,241,9,0.7467,5.0
pessimistic,250,random_feasible,8,8,8,27,17,0.4268,0.0
pessimistic,250,random_feasible,8,8,8,152,17,0.8799,0.0
pessimistic,250,random_feasible,8,8,8,158,16,0.7457,0.0
pessimistic,250,random_feasible,8,8,8,14,12,0.991,95.0
pessimistic,250,random_feasible,8,8,8,89,29,0.6756,0.0
pessimistic,250,random_feasible,8,8,8,89,8,0.7497,0.0
pessimistic,250,random_feasible,8,8,8,209,20,0.243,0.0
pessimistic,250,random_feasible,8,8,8,90,12,0.7951,0.0
pessimistic,250,random_feasible,8,8,8,66,28,0.751,0.0
pessimistic,250,random_feasible,8,8,8,106,12,0.7469,0.0
pessimistic,250,random_feasible,8,8,8,152,0,0.5938,5.0
pessimistic,250,random_feasible,8,8,8,66,28,0.751,0.0
pessimistic,250,random_feasible,8,8,8,106,30,0.8571,0.0
pessimistic,250,random_feasible,8,8,8,127,9,0.8235,0.0
pessimistic,250,random_feasible,8,8,8,209,0,0.6761,0.0
pessimistic,250,random_feasible,8,8,8,21,9,0.8235,0.0
pessimistic,250,random_feasible,8,8,8,225,2,0.4843,0.0
pessimistic,250,random_feasible,8,8,8,76,28,0.8518,0.0
pessimistic,250,random_feasible,8,8,8,99,27,0.9442,30.0
pessimistic,250,random_feasible,8,8,8,37,12,0.1338,50.0
pessimistic,250,random_feasible,8,8,8,99,25,0.9236,5.0
pessimistic,250,random_feasible,8,8,8,152,29,0.6206,5.0
pessimistic,250,random_feasible,8,8,8,163,13,0.8857,0.0
pessimistic,250,random_feasible,8,8,8,70,12,0.384,120.0
pessimistic,250,random_feasible,8,8,8,152,38,0.1336,0.0
pessimistic,250,random_feasible,8,8,8,60,31,0.2688,0.0
pessimistic,250,random_feasible,8,8,8,147,29,0.6756,0.0
pessimistic,250,random_feasible,8,8,8,25,38,0.8238,0.0
pessimistic,250,random_feasible,8,8,8,60,6,0.9449,0.0
pessimistic,250,random_feasible,8,8,8,14,25,0.8442,0.0
pessimistic,250,random_feasible,8,8,8,67,0,0.6671,0.0
pessimistic,250,random_feasible,8,8,8,74,6,0.9456,0.0
pessimistic,250,random_feasible,8,8,8,108,8,0.4792,0.0
pessimistic,250,random_feasible,8,8,8,54,20,0.6728,0.0
pessimistic,250,random_feasible,8,8,8,118,21,0.6416,0.0
pessimistic,250,random_feasible,8,8,8,60,31,0.3791,0.0
pessimistic,250,random_feasible,8,8,8,214,8,0.7497,10.0
pessimistic,250,random_feasible,8,8,8,161,20,0.6728,0.0
pessimistic,250,random_feasible,8,8,8,197,9,0.9851,0.0
pessimistic,250,random_feasible,8,8,8,118,24,0.3865,0.0
pessimistic,250,random_feasible,8,8,8,41,8,0.7497,0.0
pessimistic,250,random_feasible,8,8,8,43,31,0.9617,0.0
pessimistic,250,random_feasible,8,8,8,205,32,0.8752,0.0
pessimistic,250,random_feasible,8,8,8,64,11,0.6453,0.0
pessimistic,250,random_feasible,8,8,8,76,8,0.5349,85.0
pessimistic,250,random_feasible,8,8,8,197,9,0.7239,0.0
pessimistic,250,random_feasible,8,8,8,218,0,0.6671,0.0
pessimistic,250,random_feasible,8,8,8,118,26,0.2951,0.0
pessimistic,250,random_feasible,8,8,8,64,7,0.7539,0.0
pessimistic,250,random_feasible,8,8,8,70,12,0.1338,0.0
pessimistic,250,random_feasible,8,8,8,91,3,0.6666,0.0
pessimistic,250,random_feasible,8,8,8,177,8,0.6171,130.0
pessimistic,250,random_feasible,8,8,8,218,18,0.4333,0.0
pessimistic,250,random_feasible,8,8,8,115,27,0.8854,0.0
pessimistic,250,random_feasible,8,8,8,177,30,0.8204,0.0
pessimistic,250,random_feasible,8,8,8,231,18,0.6335,0.0
pessimistic,250,random_feasible,8,8,8,70,24,0.7886,0.0
pessimistic,250,random_feasible,8,8,8,86,12,0.3241,10.0
pessimistic,250,random_feasible,8,8,8,91,8,0.6465,145.0
pessimistic,250,random_feasible,8,8,8,110,10,0.5096,0.0
pessimistic,250,random_feasible,8,8,8,96,24,0.8998,0.0
pessimistic,250,random_feasible,8,8,8,231,16,0.9546,0.0
pessimistic,250,random_feasible,8,8,8,177,27,0.7491,0.0
pessimistic,250,random_feasible,8,8,8,196,18,0.5696,0.0
pessimistic,250,random_feasible,8,8,8,177,13,0.8778,0.0
pessimistic,250,random_feasible,8,8,8,103,2,0.5217,0.0
pessimistic,250,random_feasible,8,8,8,73,25,0.496,0.0
pessimistic,250,random_feasible,8,8,8,177,18,0.5074,5.0
pessimistic,250,random_feasible,8,8,8,73,33,0.9906,0.0
pessimistic,250,random_feasible,8,8,8,121,11,0.6353,0.0
pessimistic,250,random_feasible,8,8,8,188,0,0.6671,5.0
pessimistic,250,random_feasible,8,8,8,13,17,0.2899,0.0
pessimistic,250,random_feasible,8,8,8,27,13,0.8765,0.0
pessimistic,250,random_feasible,8,8,8,249,38,0.7292,0.0
pessimistic,250,random_feasible,8,8,8,68,13,0.8765,0.0
pessimistic,250,random_feasible,8,8,8,13,3,0.6928,0.0
pessimistic,250,random_feasible,8,8,8,57,25,0.7291,0.0
pessimistic,250,random_feasible,8,8,8,188,3,0.6056,5.0
pessimistic,250,random_feasible,8,8,8,153,8,0.7497,130.0
pessimistic,250,random_feasible,8,8,8,29,29,0.6756,0.0
pessimistic,250,random_feasible,8,8,8,137,12,0.2485,35.0
pessimistic,250,random_feasible,8,8,8,236,25,0.7551,0.0
pessimistic,250,random_feasible,8,8,8,30,32,0.6892,0.0
pessimistic,250,random_feasible,8,8,8,55,2,0.5974,0.0
pessimistic,250,random_feasible,8,8,8,29,9,0.4435,5.0
pessimistic,250,random_feasible,8,8,8,216,9,0.9374,5.0
pessimistic,250,random_feasible,8,8,8,55,10,0.5403,0.0
pessimistic,250,random_feasible,8,8,8,215,27,0.86,0.0
pessimistic,250,random_feasible,8,8,8,240,11,0.6275,0.0
pessimistic,250,random_feasible,8,8,8,52,8,0.1185,90.0
pessimistic,250,random_feasible,8,8,8,182,14,0.325,0.0
pessimistic,250,random_feasible,8,8,8,40,8,0.7962,145.0
pessimistic,250,random_feasible,8,8,8,125,1,0.8599,0.0
pessimistic,250,random_feasible,8,8,8,209,8,0.5818,140.0
pessimistic,250,random_feasible,8,8,8,216,9,0.3088,0.0
pessimistic,250,random_feasible,8,8,8,47,16,0.7559,0.0
pessimistic,250,random_feasible,8,8,8,199,38,0.762,0.0
pessimistic,250,random_feasible,8,8,8,47,10,0.1299,0.0
pessimistic,250,random_feasible,8,8,8,216,29,0.5191,5.0
pessimistic,250,random_feasible,8,8,8,216,25,0.5927,0.0
pessimistic,250,random_feasible,8,8,8,90,15,0.8939,0.0
pessimistic,250,random_feasible,8,8,8,216,9,0.8235,0.0
pessimistic,250,random_feasible,8,8,8,128,10,0.5403,5.0
pessimistic,250,random_feasible,8,8,8,227,11,0.8392,0.0
pessimistic,250,random_feasible,8,8,8,11,10,0.5403,5.0
pessimistic,250,random_feasible,8,8,8,216,19,0.7263,0.0
pessimistic,250,random_feasible,8,8,8,84,8,0.7497,100.0
pessimistic,250,random_feasible,8,8,8,165,2,0.5974,0.0
pessimistic,250,random_feasible,8,8,8,195,24,0.9987,0.0
pessimistic,250,random_feasible,8,8,8,235,33,0.8437,0.0
pessimistic,250,random_feasible,8,8,8,51,0,0.1485,0.0
pessimistic,250,random_feasible,8,8,8,195,1,0.8597,0.0
pessimistic,250,random_feasible,8,8,8,12,27,0.9785,0.0
pessimistic,250,random_feasible,8,8,8,87,13,0.8765,0.0
pessimistic,250,random_feasible,8,8,8,225,10,0.6999,65.0
pessimistic,250,random_feasible,8,8,8,235,9,0.9985,0.0
pessimistic,250,random_feasible,8,8,8,235,0,0.9916,5.0
pessimistic,250,random_feasible,8,8,8,39,36,0.5541,0.0
pessimistic,250,random_feasible,8,8,8,173,31,0.8687,0.0
pessimistic,250,random_feasible,8,8,8,33,5,0.9896,0.0
pessimistic,250,random_feasible,8,8,8,88,10,0.6862,0.0
pessimistic,250,random_feasible,8,8,8,115,8,0.7497,120.0
pessimistic,250,random_feasible,8,8,8,58,8,0.4151,100.0
pessimistic,250,random_feasible,8,8,8,242,2,0.5974,5.0
pessimistic,250,random_feasible,8,8,8,97,13,0.8765,0.0
pessimistic,250,random_feasible,8,8,8,242,20,0.6728,0.0
pessimistic,250,random_feasible,8,8,8,56,29,0.5425,0.0
pessimistic,250,random_feasible,8,8,8,56,9,0.724,0.0
pessimistic,250,random_feasible,8,8,8,222,20,0.6728,0.0
pessimistic,250,random_feasible,8,8,8,181,10,0.5403,5.0
pessimistic,250,random_feasible,8,8,8,232,29,0.6756,0.0
pessimistic,250,random_feasible,8,8,8,116,29,0.456,0.0
pessimistic,250,random_feasible,8,8,8,169,7,0.1046,0.0
pessimistic,250,random_feasible,8,8,8,181,38,0.7292,0.0
pessimistic,250,random_feasible,8,8,8,208,18,0.5641,0.0
pessimistic,250,random_feasible,8,8,8,181,6,0.7873,0.0
pessimistic,250,random_feasible,8,8,8,191,11,0.7379,0.0
pessimistic,250,random_feasible,8,8,8,137,29,0.6756,5.0
pessimistic,250,random_feasible,8,8,8,57,5,0.5787,0.0
pessimistic,250,random_feasible,8,8,8,117,11,0.8392,65.0
pessimistic,250,random_feasible,8,8,8,232,29,0.7575,0.0
pessimistic,250,random_feasible,8,8,8,1,16,0.68,0.0
pessimistic,250,random_feasible,8,8,8,98,8,0.7497,135.0
pessimistic,250,random_feasible,8,8,8,117,11,0.8392,30.0
pessimistic,250,random_feasible,8,8,8,204,18,0.6335,0.0
pessimistic,250,random_feasible,8,8,8,1,18,0.6335,0.0
pessimistic,250,random_feasible,8,8,8,188,26,0.2842,0.0
pessimistic,250,random_feasible,8,8,8,188,11,0.7287,135.0
pessimistic,250,random_feasible,8,8,8,1,23,0.8796,0.0
pessimistic,250,random_feasible,8,8,8,137,19,0.9006,0.0
pessimistic,250,random_feasible,8,8,8,203,4,0.671,0.0
pessimistic,250,random_feasible,8,8,8,137,10,0.5403,0.0
pessimistic,250,random_feasible,8,8,8,85,26,0.685,0.0
pessimistic,250,random_feasible,8,8,8,137,11,0.8392,120.0
pessimistic,250,random_feasible,8,8,8,239,8,0.7497,165.0
pessimistic,250,random_feasible,8,8,8,180,8,0.5372,150.0
pessimistic,250,random_feasible,8,8,8,210,23,0.6986,0.0
pessimistic,250,random_feasible,8,8,8,234,12,0.3001,0.0
pessimistic,250,random_feasible,8,8,8,114,35,0.7785,0.0
pessimistic,250,random_feasible,8,8,8,117,10,0.0811,5.0
pessimistic,250,random_feasible,8,8,8,178,25,0.7112,5.0
pessimistic,250,random_feasible,8,8,8,210,0,0.6671,0.0
pessimistic,250,random_feasible,8,8,8,227,24,0.8834,0.0
pessimistic,250,random_feasible,8,8,8,109,2,0.5974,0.0
pessimistic,250,random_feasible,8,8,8,227,20,0.8411,0.0
pessimistic,250,random_feasible,8,8,8,75,25,0.714,0.0
pessimistic,250,random_feasible,8,8,8,40,8,0.7497,115.0
pessimistic,250,random_feasible,8,8,8,238,20,0.2425,0.0
pessimistic,250,random_feasible,8,8,8,109,0,0.3046,0.0
pessimistic,250,random_feasible,8,8,8,238,38,0.4082,0.0
pessimistic,250,random_feasible,8,8,8,53,24,0.765,0.0
pessimistic,250,random_feasible,8,8,8,109,34,0.961,0.0
pessimistic,250,random_feasible,8,8,8,168,20,0.6728,5.0
pessimistic,250,random_feasible,8,8,8,220,3,0.667,0.0
pessimistic,250,random_feasible,8,8,8,11,8,0.7497,125.0
pessimistic,250,random_feasible,8,8,8,192,29,0.6756,0.0
pessimistic,250,random_feasible,8,8,8,248,18,0.6335,0.0
pessimistic,250,random_feasible,8,8,8,45,14,0.9469,0.0
pessimistic,250,random_feasible,8,8,8,71,6,0.6004,0.0
pessimistic,250,random_feasible,8,8,8,77,17,0.4268,0.0
pessimistic,250,random_feasible,8,8,8,230,34,0.8281,0.0
pessimistic,250,random_feasible,8,8,8,248,27,0.7838,0.0
pessimistic,250,random_feasible,8,8,8,45,9,0.4131,0.0
pessimistic,250,random_feasible,8,8,8,120,2,0.5974,0.0
pessimistic,250,random_feasible,8,8,8,146,8,0.4912,145.0
pessimistic,250,random_feasible,8,8,8,4,18,0.6335,0.0
pessimistic,250,random_feasible,8,8,8,36,29,0.4874,120.0
pessimistic,250,random_feasible,8,8,8,38,20,0.2533,5.0
pessimistic,250,random_feasible,8,8,8,220,29,0.6473,110.0
pessimistic,250,random_feasible,8,8,8,38,33,0.2038,0.0
pessimistic,250,random_feasible,8,8,8,59,10,0.5403,0.0
pessimistic,250,random_feasible,8,8,8,171,5,0.3267,0.0
pessimistic,250,random_feasible,8,8,8,220,19,1.3771,0.0
pessimistic,250,random_feasible,8,8,8,230,2,0.9367,0.0
pessimistic,250,random_feasible,8,8,8,247,17,0.4268,0.0
pessimistic,250,random_feasible,8,8,8,138,31,0.3207,0.0
pessimistic,250,random_feasible,8,8,8,66,36,0.8217,5.0
pessimistic,250,random_feasible,8,8,8,220,12,0.9986,0.0
pessimistic,250,random_feasible,8,8,8,40,8,0.6713,15.0
pessimistic,250,random_feasible,8,8,8,33,13,0.8765,0.0
pessimistic,250,random_feasible,8,8,8,162,2,0.5134,0.0
pessimistic,250,random_feasible,8,8,8,82,27,0.2677,0.0
pessimistic,250,random_feasible,8,8,8,140,38,0.61,0.0
pessimistic,250,random_feasible,8,8,8,33,27,0.389,0.0
pessimistic,250,random_feasible,8,8,8,78,25,0.9236,5.0
pessimistic,250,random_feasible,8,8,8,162,39,0.6295,0.0
pessimistic,250,random_feasible,8,8,8,220,12,0.7244,0.0
pessimistic,250,random_feasible,8,8,8,220,8,0.3824,80.0
pessimistic,250,random_feasible,8,8,8,162,10,0.8115,0.0
pessimistic,250,random_feasible,8,8,8,139,20,0.6728,0.0
pessimistic,250,random_feasible,8,8,8,91,8,0.7497,155.0
pessimistic,250,random_feasible,8,8,8,123,8,0.7241,135.0
pessimistic,250,random_feasible,8,8,8,17,27,1.162,45.0
pessimistic,250,random_feasible,8,8,8,87,8,0.9822,170.0
pessimistic,250,random_feasible,8,8,8,107,27,0.7731,10.0
pessimistic,250,random_feasible,8,8,8,134,1,0.9275,0.0
pessimistic,250,random_feasible,8,8,8,107,5,0.2469,0.0
pessimistic,250,random_feasible,8,8,8,107,7,0.8745,0.0
pessimistic,250,random_feasible,8,8,8,159,8,0.7497,165.0
pessimistic,250,random_feasible,8,8,8,22,27,0.8687,0.0
pessimistic,250,random_feasible,8,8,8,157,21,0.8343,0.0
pessimistic,250,random_feasible,8,8,8,174,9,0.5944,0.0
pessimistic,250,random_feasible,8,8,8,76,11,0.5968,5.0
pessimistic,250,random_feasible,8,8,8,184,18,0.6335,0.0
pessimistic,250,random_feasible,8,8,8,221,9,0.8235,5.0
pessimistic,250,random_feasible,8,8,8,72,12,1.4283,0.0
pessimistic,250,random_feasible,8,8,8,206,9,0.8235,85.0
pessimistic,250,random_feasible,8,8,8,208,11,0.8392,5.0
pessimistic,250,random_feasible,8,8,8,44,29,0.7335,0.0
pessimistic,250,random_feasible,8,8,8,111,18,0.6335,5.0
pessimistic,250,random_feasible,8,8,8,202,8,0.6715,160.0
pessimistic,250,random_feasible,8,8,8,89,18,0.6316,5.0
pessimistic,250,random_feasible,8,8,8,244,14,0.5365,0.0
pessimistic,250,random_feasible,8,8,8,153,11,0.6499,0.0
pessimistic,250,random_feasible,8,8,8,34,25,0.7151,0.0
pessimistic,250,random_feasible,8,8,8,155,20,0.2604,5.0
pessimistic,250,random_feasible,8,8,8,179,2,0.5974,5.0
pessimistic,250,random_feasible,8,8,8,168,25,0.9236,0.0
pessimistic,250,random_feasible,8,8,8,131,11,0.4315,5.0
pessimistic,250,random_feasible,8,8,8,135,9,0.8235,80.0
pessimistic,250,random_feasible,8,8,8,10,13,0.1973,0.0
pessimistic,250,random_feasible,8,8,8,17,27,0.9279,0.0
pessimistic,250,random_feasible,8,8,8,123,29,0.4609,0.0
pessimistic,250,random_feasible,8,8,8,167,12,1.4283,5.0
pessimistic,250,random_feasible,8,8,8,179,24,0.6949,0.0
pessimistic,250,random_feasible,8,8,8,38,9,0.9332,95.0
pessimistic,250,random_feasible,8,8,8,179,38,0.071,5.0
pessimistic,250,random_feasible,8,8,8,17,14,0.6481,0.0
pessimistic,250,random_feasible,8,8,8,179,25,0.6385,0.0
pessimistic,250,random_feasible,8,8,8,219,3,0.1088,0.0
pessimistic,250,random_feasible,8,8,8,17,14,0.6481,0.0
pessimistic,250,random_feasible,8,8,8,133,9,0.8235,95.0
pessimistic,250,random_feasible,8,8,8,211,19,0.9237,0.0
pessimistic,250,random_feasible,8,8,8,10,10,0.4557,0.0
pessimistic,250,random_feasible,8,8,8,17,20,0.5665,0.0
pessimistic,250,random_feasible,8,8,8,8,18,0.6335,25.0
pessimistic,250,random_feasible,8,8,8,105,9,0.8235,45.0
pessimistic,250,random_feasible,8,8,8,230,18,0.6335,5.0
pessimistic,250,random_feasible,8,8,8,85,12,0.3343,5.0
pessimistic,250,random_feasible,8,8,8,171,8,0.674,0.0
pessimistic,250,random_feasible,8,8,8,126,0,0.6671,0.0
pessimistic,250,random_feasible,8,8,8,241,1,0.8641,0.0
pessimistic,250,random_feasible,8,8,8,190,8,0.691,0.0
pessimistic,250,random_feasible,8,8,8,172,13,0.9684,0.0
pessimistic,250,random_feasible,8,8,8,172,36,0.2606,0.0
pessimistic,250,random_feasible,8,8,8,63,25,0.7095,0.0
pessimistic,250,random_feasible,8,8,8,157,16,0.6712,0.0
pessimistic,250,random_feasible,8,8,8,239,25,0.5922,0.0
pessimistic,250,random_feasible,8,8,8,86,18,0.6335,0.0
pessimistic,250,random_feasible,8,8,8,98,25,0.9236,0.0
pessimistic,250,random_feasible,8,8,8,86,18,0.6335,0.0
pessimistic,250,random_feasible,8,8,8,242,2,0.7091,0.0
pessimistic,250,random_feasible,8,8,8,228,10,0.7323,5.0
pessimistic,250,random_feasible,8,8,8,99,32,0.2991,0.0
pessimistic,250,random_feasible,8,8,8,99,3,0.0948,0.0
pessimistic,250,random_feasible,8,8,8,212,20,0.6728,0.0
pessimistic,250,random_feasible,8,8,8,118,28,0.6994,0.0
pessimistic,250,random_feasible,8,8,8,187,8,0.7497,90.0
pessimistic,250,random_feasible,8,8,8,48,13,0.2203,0.0
pessimistic,250,random_feasible,8,8,8,154,27,0.8798,0.0
pessimistic,250,random_feasible,8,8,8,160,10,0.0544,5.0
pessimistic,250,random_feasible,8,8,8,32,29,0.4392,0.0
pessimistic,250,random_feasible,8,8,8,48,33,0.7323,0.0
pessimistic,250,random_feasible,8,8,8,154,27,0.8798,5.0
pessimistic,250,random_feasible,8,8,8,228,13,0.877,0.0
pessimistic,250,random_feasible,8,8,8,223,25,0.9419,0.0
pessimistic,250,random_feasible,8,8,8,166,8,0.7497,135.0
pessimistic,250,random_feasible,8,8,8,18,17,0.4268,0.0
pessimistic,250,random_feasible,8,8,8,177,8,0.7497,100.0
pessimistic,250,random_feasible,8,8,8,188,1,0.3868,0.0
pessimistic,250,random_feasible,8,8,8,110,8,0.7497,110.0
pessimistic,250,random_feasible,8,8,8,153,23,0.3448,0.0
pessimistic,250,random_feasible,8,8,8,223,29,0.4407,40.0
pessimistic,250,random_feasible,8,8,8,190,17,0.4268,0.0
pessimistic,250,random_feasible,8,8,8,67,27,0.5475,0.0
pessimistic,250,random_feasible,8,8,8,158,7,0.8666,0.0
pessimistic,250,random_feasible,8,8,8,223,9,0.8235,0.0
pessimistic,250,random_feasible,8,8,8,168,24,0.9484,0.0
pessimistic,250,random_feasible,8,8,8,188,23,0.4092,0.0
pessimistic,250,random_feasible,8,8,8,188,38,0.7292,0.0
pessimistic,250,random_feasible,8,8,8,52,38,0.4566,5.0
pessimistic,250,random_feasible,8,8,8,41,20,0.6728,0.0
pessimistic,250,random_feasible,8,8,8,21,14,0.2904,0.0
pessimistic,250,random_feasible,8,8,8,168,9,0.4145,0.0
pessimistic,250,random_feasible,8,8,8,102,0,0.9605,5.0
pessimistic,250,random_feasible,8,8,8,157,19,0.5373,0.0
pessimistic,250,random_feasible,8,8,8,49,0,0.6671,0.0
pessimistic,250,random_feasible,8,8,8,136,8,0.8972,120.0
pessimistic,250,random_feasible,8,8,8,142,11,0.6686,35.0
pessimistic,250,random_feasible,8,8,8,233,0,0.6617,5.0
pessimistic,250,random_feasible,8,8,8,142,10,0.5711,0.0
pessimistic,250,random_feasible,8,8,8,143,2,0.587,0.0
pessimistic,250,random_feasible,8,8,8,143,14,0.7501,0.0
pessimistic,250,random_feasible,8,8,8,19,26,0.7592,0.0
pessimistic,250,random_feasible,8,8,8,102,20,0.2368,5.0
pessimistic,250,random_feasible,8,8,8,124,25,0.9236,0.0
pessimistic,250,random_feasible,8,8,8,243,27,0.7398,5.0
pessimistic,250,random_feasible,8,8,8,102,25,0.9236,0.0
pessimistic,250,random_feasible,8,8,8,10,38,0.7292,0.0
pessimistic,250,random_feasible,8,8,8,10,17,0.4268,0.0
pessimistic,250,random_feasible,8,8,8,61,13,0.1055,0.0
pessimistic,250,random_feasible,8,8,8,108,0,0.6671,0.0
pessimistic,250,random_feasible,8,8,8,142,10,0.5395,0.0
pessimistic,250,random_feasible,8,8,8,233,7,0.94,0.0
pessimistic,250,random_feasible,8,8,8,108,11,0.7023,5.0
pessimistic,250,random_feasible,8,8,8,233,13,0.5148,5.0
pessimistic,250,random_feasible,8,8,8,108,15,0.8344,0.0
pessimistic,250,random_feasible,8,8,8,164,2,0.5974,0.0
pessimistic,250,random_feasible,8,8,8,108,13,0.3445,5.0
pessimistic,250,random_feasible,8,8,8,233,11,0.8392,5.0
pessimistic,250,random_feasible,8,8,8,81,29,0.6756,0.0
pessimistic,250,random_feasible,8,8,8,95,35,0.489,0.0
pessimistic,250,random_feasible,8,8,8,108,0,0.6671,40.0
pessimistic,250,random_feasible,8,8,8,151,29,0.6756,0.0
pessimistic,250,random_feasible,8,8,8,173,23,0.5544,5.0
pessimistic,250,random_feasible,8,8,8,233,19,0.9735,0.0
pessimistic,250,random_feasible,8,8,8,69,9,0.7466,0.0
pessimistic,250,random_feasible,8,8,8,180,20,0.6728,5.0
pessimistic,250,random_feasible,8,8,8,69,9,0.7466,205.0
pessimistic,250,random_feasible,8,8,8,180,38,0.7292,0.0
pessimistic,250,random_feasible,8,8,8,69,29,0.6756,115.0
pessimistic,250,random_feasible,8,8,8,101,35,0.968,0.0
pessimistic,250,random_feasible,8,8,8,132,12,0.1355,0.0
pessimistic,250,random_feasible,8,8,8,164,35,0.4245,5.0
pessimistic,250,random_feasible,8,8,8,183,37,0.8251,0.0
pessimistic,250,random_feasible,8,8,8,209,11,0.8392,0.0
pessimistic,250,random_feasible,8,8,8,237,29,0.2896,160.0
pessimistic,250,random_feasible,8,8,8,6,10,0.642,0.0
pessimistic,250,random_feasible,8,8,8,132,9,0.8235,175.0
pessimistic,250,random_feasible,8,8,8,186,10,0.7063,0.0
pessimistic,250,random_feasible,8,8,8,6,18,0.6335,5.0
pessimistic,250,random_feasible,8,8,8,96,8,0.7497,40.0
pessimistic,250,random_feasible,8,8,8,136,9,0.0711,185.0
pessimistic,250,random_feasible,8,8,8,6,10,0.5403,0.0
pessimistic,250,random_feasible,8,8,8,6,18,0.6335,5.0
pessimistic,250,random_feasible,8,8,8,176,25,0.917,5.0
pessimistic,250,random_feasible,8,8,8,6,8,0.7497,60.0
pessimistic,250,random_feasible,8,8,8,68,3,0.4969,0.0
pessimistic,250,random_feasible,8,8,8,176,9,0.8235,115.0
pessimistic,250,random_feasible,8,8,8,68,25,0.9236,0.0
pessimistic,250,random_feasible,8,8,8,137,36,0.9715,0.0
pessimistic,250,random_feasible,8,8,8,141,38,0.7292,5.0
pessimistic,250,random_feasible,8,8,8,229,9,0.9667,145.0
pessimistic,250,random_feasible,8,8,8,96,27,0.9842,10.0
pessimistic,250,random_feasible,8,8,8,137,38,0.4037,5.0
pessimistic,250,random_feasible,8,8,8,2,8,0.3877,0.0
pessimistic,250,random_feasible,8,8,8,193,35,0.8909,55.0
pessimistic,250,random_feasible,8,8,8,35,12,0.1355,0.0
pessimistic,250,random_feasible,8,8,8,36,18,0.6335,0.0
pessimistic,250,random_feasible,8,8,8,68,3,0.7062,0.0
pessimistic,250,random_feasible,8,8,8,242,38,0.7292,5.0
pessimistic,250,random_feasible,8,8,8,35,30,0.9959,0.0
pessimistic,250,random_feasible,8,8,8,2,19,0.9224,5.0
pessimistic,250,random_feasible,8,8,8,35,36,0.561,0.0
pessimistic,250,random_feasible,8,8,8,74,9,0.8235,150.0
pessimistic,250,random_feasible,8,8,8,2,12,0.3484,0.0
pessimistic,250,random_feasible,8,8,8,117,0,0.6671,0.0
pessimistic,250,random_feasible,8,8,8,2,30,0.4346,0.0
pessimistic,250,random_feasible,8,8,8,6,8,0.6713,0.0
pessimistic,250,random_feasible,8,8,8,2,16,0.8962,0.0
pessimistic,250,random_feasible,8,8,8,23,8,0.7497,30.0
pessimistic,250,random_feasible,8,8,8,28,9,0.4541,165.0
pessimistic,250,random_feasible,8,8,8,94,11,0.8392,5.0
pessimistic,250,random_feasible,8,8,8,127,11,0.5422,0.0
pessimistic,250,random_feasible,8,8,8,196,14,0.9514,0.0
pessimistic,250,random_feasible,8,8,8,26,25,0.9236,0.0
pessimistic,250,random_feasible,8,8,8,193,12,0.5649,5.0
pessimistic,250,random_feasible,8,8,8,48,3,0.0912,0.0
pessimistic,250,random_feasible,8,8,8,193,8,0.7497,130.0
pessimistic,250,random_feasible,8,8,8,207,2,0.6092,0.0
pessimistic,250,random_feasible,8,8,8,37,25,0.9236,0.0
pessimistic,250,random_feasible,8,8,8,48,27,0.805,0.0
pessimistic,250,random_feasible,8,8,8,30,12,0.9391,0.0
pessimistic,250,random_feasible,8,8,8,37,25,0.9236,0.0
pessimistic,250,random_feasible,8,8,8,127,12,0.9671,0.0
pessimistic,250,random_feasible,8,8,8,207,18,0.1269,0.0
pessimistic,250,random_feasible,8,8,8,59,27,0.8094,0.0
pessimistic,250,random_feasible,8,8,8,64,16,0.7702,0.0
pessimistic,250,random_feasible,8,8,8,64,11,0.4728,0.0
pessimistic,250,random_feasible,8,8,8,214,8,0.7497,145.0
pessimistic,250,random_feasible,8,8,8,146,8,0.7497,180.0
pessimistic,250,random_feasible,8,8,8,214,8,0.7497,160.0
pessimistic,250,random_feasible,8,8,8,11,9,0.732,115.0
pessimistic,250,random_feasible,8,8,8,218,27,0.9846,0.0
pessimistic,250,random_feasible,8,8,8,133,35,0.875,0.0
pessimistic,250,random_feasible,8,8,8,52,8,0.4795,180.0
pessimistic,250,random_feasible,8,8,8,64,11,0.4642,0.0
pessimistic,250,random_feasible,8,8,8,95,20,0.9957,0.0
pessimistic,250,random_feasible,8,8,8,95,3,0.1075,0.0
pessimistic,250,random_feasible,8,8,8,245,0,0.6671,5.0
pessimistic,250,random_feasible,8,8,8,58,29,0.6756,10.0
pessimistic,250,random_feasible,8,8,8,95,19,0.2594,0.0
pessimistic,250,random_feasible,8,8,8,201,29,0.6745,15.0
pessimistic,250,random_feasible,8,8,8,229,29,0.5191,90.0
pessimistic,250,random_feasible,8,8,8,74,25,0.671,0.0
pessimistic,250,random_feasible,8,8,8,199,20,0.4767,0.0
pessimistic,250,random_feasible,8,8,8,15,15,0.9841,0.0
pessimistic,250,random_feasible,8,8,8,135,38,0.6197,0.0
pessimistic,250,random_feasible,8,8,8,15,22,0.4627,0.0
pessimistic,250,random_feasible,8,8,8,74,27,0.8649,5.0
pessimistic,250,random_feasible,8,8,8,64,31,0.8644,0.0
pessimistic,250,random_feasible,8,8,8,74,9,0.4596,90.0
pessimistic,250,random_feasible,8,8,8,206,17,0.4268,5.0
pessimistic,250,random_feasible,8,8,8,28,8,0.3378,170.0
pessimistic,250,random_feasible,8,8,8,148,27,0.7613,0.0
pessimistic,250,random_feasible,8,8,8,163,3,0.8074,0.0
pessimistic,250,random_feasible,8,8,8,28,8,0.3378,180.0
pessimistic,250,random_feasible,8,8,8,143,17,0.1295,5.0
pessimistic,250,random_feasible,8,8,8,163,24,0.2264,0.0
pessimistic,250,random_feasible,8,8,8,223,25,0.7675,5.0
pessimistic,250,random_feasible,8,8,8,43,9,0.7336,0.0
pessimistic,250,random_feasible,8,8,8,135,38,0.6097,0.0
pessimistic,250,random_feasible,8,8,8,163,8,0.4696,210.0
pessimistic,250,random_feasible,8,8,8,25,23,0.3149,0.0
pessimistic,250,random_feasible,8,8,8,43,12,0.453,55.0
pessimistic,250,random_feasible,8,8,8,135,38,0.7292,0.0
pessimistic,250,random_feasible,8,8,8,149,38,0.6043,5.0
pessimistic,250,random_feasible,8,8,8,185,11,0.8392,5.0
pessimistic,250,random_feasible,8,8,8,135,2,0.5974,0.0
pessimistic,250,random_feasible,8,8,8,65,17,0.4268,25.0
pessimistic,250,random_feasible,8,8,8,144,2,0.4961,5.0
pessimistic,250,random_feasible,8,8,8,149,23,0.8225,0.0
pessimistic,250,random_feasible,8,8,8,11,8,0.2943,220.0
pessimistic,250,random_feasible,8,8,8,91,17,0.4268,0.0
pessimistic,250,random_feasible,8,8,8,103,0,0.984,0.0
pessimistic,250,random_feasible,8,8,8,148,5,0.9304,0.0
pessimistic,250,random_feasible,8,8,8,185,27,0.5775,0.0
pessimistic,250,random_feasible,8,8,8,231,14,0.149,0.0
pessimistic,250,random_feasible,8,8,8,144,17,0.5156,5.0
pessimistic,250,random_feasible,8,8,8,185,15,0.8644,0.0
pessimistic,250,random_feasible,8,8,8,231,17,0.4268,75.0
pessimistic,250,random_feasible,8,8,8,38,27,0.2916,0.0
pessimistic,250,random_feasible,8,8,8,224,18,0.6335,0.0
pessimistic,250,random_feasible,8,8,8,62,29,0.6756,55.0
pessimistic,250,random_feasible,8,8,8,91,0,0.5957,0.0
pessimistic,250,random_feasible,8,8,8,109,8,0.7497,145.0
pessimistic,250,random_feasible,8,8,8,84,18,0.6335,0.0
pessimistic,250,random_feasible,8,8,8,52,27,0.9842,0.0
pessimistic,250,random_feasible,8,8,8,106,13,0.8814,0.0
pessimistic,250,random_feasible,8,8,8,56,14,0.5931,0.0
pessimistic,250,random_feasible,8,8,8,52,18,0.5977,5.0
pessimistic,250,random_feasible,8,8,8,187,18,0.6335,0.0
pessimistic,250,random_feasible,8,8,8,238,8,0.7497,20.0
pessimistic,250,random_feasible,8,8,8,116,8,0.7497,95.0
pessimistic,250,random_feasible,8,8,8,128,27,0.7386,0.0
pessimistic,250,random_feasible,8,8,8,79,8,0.7497,120.0
pessimistic,250,random_feasible,8,8,8,13,12,0.6652,0.0
pessimistic,250,random_feasible,8,8,8,205,28,0.9241,5.0
pessimistic,250,random_feasible,8,8,8,214,3,0.7826,0.0
pessimistic,250,random_feasible,8,8,8,13,27,0.8976,0.0
pessimistic,250,random_feasible,8,8,8,70,2,0.5974,0.0
pessimistic,250,random_feasible,8,8,8,13,27,0.8976,0.0
pessimistic,250,random_feasible,8,8,8,92,19,0.8385,0.0
pessimistic,250,random_feasible,8,8,8,177,38,0.6517,0.0
pessimistic,250,random_feasible,8,8,8,205,18,0.7317,80.0
pessimistic,250,random_feasible,8,8,8,66,0,0.6271,5.0
pessimistic,250,random_feasible,8,8,8,103,12,0.564,0.0
pessimistic,250,random_feasible,8,8,8,163,19,0.7692,0.0
pessimistic,250,random_feasible,8,8,8,47,20,0.6728,0.0
pessimistic,250,random_feasible,8,8,8,122,10,0.4505,0.0
pessimistic,250,random_feasible,8,8,8,222,17,0.4268,0.0
pessimistic,250,random_feasible,8,8,8,122,10,0.0304,0.0
pessimistic,250,random_feasible,8,8,8,92,10,0.1113,5.0
pessimistic,250,random_feasible,8,8,8,97,33,0.8024,0.0
pessimistic,250,random_feasible,8,8,8,122,10,0.5403,0.0
pessimistic,250,random_feasible,8,8,8,152,27,0.9046,0.0
pessimistic,250,random_feasible,8,8,8,222,14,0.5859,0.0
pessimistic,250,random_feasible,8,8,8,136,20,0.3584,0.0
pessimistic,250,random_feasible,8,8,8,192,13,0.6486,0.0
pessimistic,250,random_feasible,8,8,8,192,36,0.3449,0.0
pessimistic,250,random_feasible,8,8,8,204,23,0.5082,0.0
pessimistic,250,random_feasible,8,8,8,79,8,0.3929,5.0
pessimistic,250,random_feasible,8,8,8,149,2,0.5974,5.0
pessimistic,250,random_feasible,8,8,8,204,5,0.6271,0.0
pessimistic,250,random_feasible,8,8,8,116,11,0.847,5.0
pessimistic,250,random_feasible,8,8,8,121,9,0.9071,0.0
pessimistic,250,random_feasible,8,8,8,27,8,0.7497,0.0
pessimistic,250,random_feasible,8,8,8,136,9,0.1577,0.0
pessimistic,250,random_feasible,8,8,8,14,10,0.7503,0.0
pessimistic,250,random_feasible,8,8,8,182,25,0.5929,5.0
pessimistic,250,random_feasible,8,8,8,161,13,0.8765,0.0
pessimistic,250,random_feasible,8,8,8,236,24,0.9236,0.0
pessimistic,250,random_feasible,8,8,8,75,20,0.6728,0.0
pessimistic,250,random_feasible,8,8,8,148,23,0.6283,0.0
pessimistic,250,random_feasible,8,8,8,35,38,0.3216,5.0
pessimistic,250,random_feasible,8,8,8,227,33,0.9483,0.0
pessimistic,250,random_feasible,8,8,8,35,31,0.8704,0.0
pessimistic,250,random_feasible,8,8,8,121,29,0.481,0.0
pessimistic,250,random_feasible,8,8,8,148,36,0.2355,0.0
pessimistic,250,random_feasible,8,8,8,7,9,0.8235,5.0
pessimistic,250,random_feasible,8,8,8,75,2,0.5765,5.0
pessimistic,250,random_feasible,8,8,8,248,29,0.6756,30.0
pessimistic,250,random_feasible,8,8,8,78,19,0.4326,0.0
pessimistic,250,random_feasible,8,8,8,147,1,0.9779,0.0
pessimistic,250,random_feasible,8,8,8,148,38,0.5462,0.0
pessimistic,250,random_feasible,8,8,8,112,24,0.8808,0.0
pessimistic,250,random_feasible,8,8,8,28,29,0.5899,60.0
pessimistic,250,random_feasible,8,8,8,75,0,0.7609,0.0
pessimistic,250,random_feasible,8,8,8,110,8,0.7497,20.0
pessimistic,250,random_feasible,8,8,8,220,6,0.8063,0.0
pessimistic,250,random_feasible,8,8,8,199,9,0.7897,20.0
pessimistic,250,random_feasible,8,8,8,199,9,0.7897,130.0
pessimistic,250,random_feasible,8,8,8,75,14,0.8122,0.0
pessimistic,250,random_feasible,8,8,8,22,8,0.7489,80.0
pessimistic,250,random_feasible,8,8,8,110,8,0.0859,0.0
pessimistic,250,random_feasible,8,8,8,225,17,0.4268,0.0
pessimistic,250,random_feasible,8,8,8,53,29,0.6756,55.0
pessimistic,250,random_feasible,8,8,8,169,12,0.1477,0.0
pessimistic,250,random_feasible,8,8,8,225,13,0.8793,0.0
pessimistic,250,random_feasible,8,8,8,240,0,0.6671,0.0
pessimistic,250,random_feasible,8,8,8,198,8,0.7497,60.0
pessimistic,250,random_feasible,8,8,8,125,9,0.8235,50.0
pessimistic,250,random_feasible,8,8,8,132,18,0.7843,0.0
pessimistic,250,random_feasible,8,8,8,159,8,0.7497,110.0
pessimistic,250,random_feasible,8,8,8,215,25,0.9236,0.0
pessimistic,250,random_feasible,8,8,8,125,25,0.9236,5.0
pessimistic,250,random_feasible,8,8,8,248,8,0.404,100.0
pessimistic,250,random_feasible,8,8,8,12,38,0.7292,5.0
pessimistic,250,random_feasible,8,8,8,248,11,0.8392,0.0
pessimistic,250,random_feasible,8,8,8,13,24,0.5677,0.0
pessimistic,250,random_feasible,8,8,8,165,25,0.755,5.0
pessimistic,250,random_feasible,8,8,8,24,10,0.5403,0.0
pessimistic,250,random_feasible,8,8,8,134,9,0.8235,55.0
pessimistic,250,random_feasible,8,8,8,215,26,0.536,0.0
pessimistic,250,random_feasible,8,8,8,99,29,0.6756,100.0
pessimistic,250,random_feasible,8,8,8,56,9,0.8235,0.0
pessimistic,250,random_feasible,8,8,8,111,17,0.5321,0.0
pessimistic,250,random_feasible,8,8,8,249,31,0.9943,0.0
pessimistic,250,random_feasible,8,8,8,42,8,0.7497,40.0
pessimistic,250,random_feasible,8,8,8,146,29,0.6756,65.0
pessimistic,250,random_feasible,8,8,8,56,3,0.5741,0.0
pessimistic,250,random_feasible,8,8,8,123,8,0.2026,70.0
pessimistic,250,random_feasible,8,8,8,146,38,0.7292,0.0
pessimistic,250,random_feasible,8,8,8,176,25,0.8405,5.0
pessimistic,250,random_feasible,8,8,8,92,18,0.6335,5.0
pessimistic,250,random_feasible,8,8,8,123,22,0.9004,0.0
pessimistic,250,random_feasible,8,8,8,56,9,0.8235,25.0
pessimistic,250,random_feasible,8,8,8,237,25,0.5915,15.0
pessimistic,250,random_feasible,8,8,8,93,11,0.6953,0.0
pessimistic,250,random_feasible,8,8,8,71,2,0.5974,0.0
pessimistic,250,random_feasible,8,8,8,93,20,0.6315,0.0
pessimistic,250,random_feasible,8,8,8,51,9,0.8235,100.0
pessimistic,250,random_feasible,8,8,8,51,8,0.6836,70.0
pessimistic,250,random_feasible,8,8,8,88,26,0.2818,0.0
pessimistic,250,random_feasible,8,8,8,209,11,0.4719,0.0
pessimistic,250,random_feasible,8,8,8,56,3,0.5741,0.0
pessimistic,250,random_feasible,8,8,8,71,20,0.6725,0.0
pessimistic,250,random_feasible,8,8,8,56,29,0.6756,5.0
pessimistic,250,random_feasible,8,8,8,9,17,0.4268,0.0
pessimistic,250,random_feasible,8,8,8,71,2,0.7839,5.0
pessimistic,250,random_feasible,8,8,8,26,26,0.9154,0.0
pessimistic,250,random_feasible,8,8,8,11,29,0.6756,15.0
pessimistic,250,random_feasible,8,8,8,195,23,0.706,0.0
pessimistic,250,random_feasible,8,8,8,245,18,0.6335,0.0
pessimistic,250,random_feasible,8,8,8,195,17,0.4268,5.0
pessimistic,250,random_feasible,8,8,8,245,13,0.8765,0.0
pessimistic,250,random_feasible,8,8,8,247,25,0.799,70.0
pessimistic,250,random_feasible,8,8,8,195,23,0.4177,0.0
pessimistic,250,random_feasible,8,8,8,245,15,0.9687,0.0
pessimistic,250,random_feasible,8,8,8,197,29,0.5533,35.0
pessimistic,250,random_feasible,8,8,8,155,35,0.664,0.0
pessimistic,250,random_feasible,8,8,8,55,20,0.6728,0.0
pessimistic,250,random_feasible,8,8,8,124,8,0.7497,0.0
pessimistic,250,random_feasible,8,8,8,99,0,0.6671,0.0
pessimistic,250,random_feasible,8,8,8,155,9,0.9641,0.0
pessimistic,250,random_feasible,8,8,8,186,8,0.7497,60.0
pessimistic,250,random_feasible,8,8,8,196,9,0.8235,5.0
pessimistic,250,random_feasible,8,8,8,29,25,0.7729,0.0
pessimistic,250,random_feasible,8,8,8,174,10,0.5403,0.0
pessimistic,250,random_feasible,8,8,8,181,4,0.322,0.0
pessimistic,250,random_feasible,8,8,8,186,8,0.7497,40.0
pessimistic,250,random_feasible,8,8,8,196,29,0.6756,10.0
pessimistic,250,random_feasible,8,8,8,29,2,0.5974,0.0
pessimistic,250,random_feasible,8,8,8,203,8,0.6802,55.0
pessimistic,250,random_feasible,8,8,8,57,10,0.6077,5.0
pessimistic,250,random_feasible,8,8,8,202,13,0.8765,5.0
pessimistic,250,random_feasible,8,8,8,68,9,0.8235,0.0
pessimistic,250,random_feasible,8,8,8,107,13,0.8765,25.0
pessimistic,250,random_feasible,8,8,8,181,16,0.6908,0.0
pessimistic,250,random_feasible,8,8,8,234,10,0.5403,0.0
pessimistic,250,random_feasible,8,8,8,59,8,0.4925,115.0
pessimistic,250,random_feasible,8,8,8,114,13,0.8765,0.0
pessimistic,250,random_feasible,8,8,8,140,9,0.8235,5.0
pessimistic,250,random_feasible,8,8,8,191,29,0.6756,0.0
pessimistic,250,random_feasible,8,8,8,59,8,0.7497,165.0
pessimistic,250,random_feasible,8,8,8,105,8,0.8902,115.0
pessimistic,250,random_feasible,8,8,8,203,19,0.7692,0.0
pessimistic,250,random_feasible,8,8,8,235,27,0.8848,0.0
pessimistic,250,random_feasible,8,8,8,153,22,0.8646,0.0
pessimistic,250,random_feasible,8,8,8,181,31,0.8243,0.0
pessimistic,250,random_feasible,8,8,8,114,27,0.9076,0.0
pessimistic,250,random_feasible,8,8,8,141,8,0.7497,165.0
pessimistic,250,random_feasible,8,8,8,153,30,0.8945,0.0
pessimistic,250,random_feasible,8,8,8,191,9,0.4435,0.0
pessimistic,250,random_feasible,8,8,8,191,3,0.9882,0.0
pessimistic,250,random_feasible,8,8,8,21,8,0.7236,190.0
pessimistic,250,random_feasible,8,8,8,63,27,1.162,0.0
pessimistic,250,random_feasible,8,8,8,114,12,0.6964,0.0
pessimistic,250,random_feasible,8,8,8,77,8,0.7497,170.0
pessimistic,250,random_feasible,8,8,8,114,29,0.6756,5.0
pessimistic,250,random_feasible,8,8,8,210,0,0.6671,5.0
pessimistic,250,random_feasible,8,8,8,211,19,1.2717,0.0
pessimistic,250,random_feasible,8,8,8,232,16,0.7855,0.0
pessimistic,250,random_feasible,8,8,8,74,25,0.8607,0.0
pessimistic,250,random_feasible,8,8,8,120,11,0.6858,0.0
pessimistic,250,random_feasible,8,8,8,154,31,0.797,0.0
pessimistic,250,random_feasible,8,8,8,74,12,0.1368,0.0
pessimistic,250,random_feasible,8,8,8,123,25,0.9236,0.0
pessimistic,250,random_feasible,8,8,8,17,27,0.8604,0.0
pessimistic,250,random_feasible,8,8,8,117,29,0.4351,0.0
pessimistic,250,random_feasible,8,8,8,166,31,0.6334,0.0
pessimistic,250,random_feasible,8,8,8,160,29,0.6206,60.0
pessimistic,250,random_feasible,8,8,8,75,25,0.6007,0.0
pessimistic,250,random_feasible,8,8,8,160,25,0.9236,0.0
pessimistic,250,random_feasible,8,8,8,44,38,0.7292,0.0
pessimistic,250,random_feasible,8,8,8,75,24,0.9544,0.0
pessimistic,250,random_feasible,8,8,8,188,8,0.7497,135.0
pessimistic,250,random_feasible,8,8,8,22,8,0.7497,120.0
pessimistic,250,random_feasible,8,8,8,188,12,0.9724,0.0
pessimistic,250,random_feasible,8,8,8,239,24,0.8578,0.0
pessimistic,250,random_feasible,8,8,8,157,13,0.8765,0.0
pessimistic,250,random_feasible,8,8,8,172,17,0.4268,0.0
pessimistic,250,random_feasible,8,8,8,239,12,0.5881,0.0
pessimistic,250,random_feasible,8,8,8,174,14,0.1236,0.0
pessimistic,250,random_feasible,8,8,8,86,18,0.4188,0.0
pessimistic,250,random_feasible,8,8,8,89,6,0.9577,0.0
pessimistic,250,random_feasible,8,8,8,158,29,0.6756,0.0
pessimistic,250,random_feasible,8,8,8,219,27,0.9062,5.0
pessimistic,250,random_feasible,8,8,8,18,2,0.3722,35.0
pessimistic,250,random_feasible,8,8,8,98,9,0.8235,5.0
pessimistic,250,random_feasible,8,8,8,158,25,0.6059,0.0
pessimistic,250,random_feasible,8,8,8,8,24,0.9027,0.0
pessimistic,250,random_feasible,8,8,8,158,38,0.49,0.0
pessimistic,250,random_feasible,8,8,8,184,24,0.4982,0.0
pessimistic,250,random_feasible,8,8,8,237,17,0.4837,0.0
pessimistic,250,random_feasible,8,8,8,4,24,0.81,0.0
pessimistic,250,random_feasible,8,8,8,76,0,0.1725,0.0
pessimistic,250,random_feasible,8,8,8,4,29,0.4814,0.0
pessimistic,250,random_feasible,8,8,8,76,17,0.4268,0.0
pessimistic,250,random_feasible,8,8,8,178,11,0.8392,0.0
pessimistic,250,random_feasible,8,8,8,82,9,0.8215,70.0
pessimistic,250,random_feasible,8,8,8,193,38,0.7292,0.0
pessimistic,250,random_feasible,8,8,8,32,24,0.9963,0.0
pessimistic,250,random_feasible,8,8,8,158,14,0.8628,0.0
pessimistic,250,random_feasible,8,8,8,168,11,0.8392,0.0
pessimistic,250,random_feasible,8,8,8,109,11,0.8392,5.0
pessimistic,250,random_feasible,8,8,8,33,9,0.8235,65.0
pessimistic,250,random_feasible,8,8,8,193,38,0.4,0.0
pessimistic,250,random_feasible,8,8,8,203,12,0.3796,0.0
pessimistic,250,random_feasible,8,8,8,167,19,0.7842,0.0
pessimistic,250,random_feasible,8,8,8,218,10,0.5403,5.0
pessimistic,250,random_feasible,8,8,8,203,12,0.1338,0.0
pessimistic,250,random_feasible,8,8,8,218,10,0.5403,5.0
pessimistic,250,random_feasible,8,8,8,218,28,0.7272,0.0
pessimistic,250,random_feasible,8,8,8,180,27,0.8445,5.0
pessimistic,250,random_feasible,8,8,8,74,33,0.9636,0.0
pessimistic,250,random_feasible,8,8,8,105,12,0.2562,5.0
pessimistic,250,random_feasible,8,8,8,105,8,0.6931,65.0
pessimistic,250,random_feasible,8,8,8,241,8,0.3338,80.0
pessimistic,250,random_feasible,8,8,8,43,25,0.7882,0.0
pessimistic,250,random_feasible,8,8,8,85,15,0.7676,0.0
pessimistic,250,random_feasible,8,8,8,171,29,0.6756,50.0
pessimistic,250,random_feasible,8,8,8,171,25,0.9236,20.0
pessimistic,250,random_feasible,8,8,8,208,0,0.6671,0.0
pessimistic,250,random_feasible,8,8,8,33,9,0.3925,0.0
pessimistic,250,random_feasible,8,8,8,138,8,0.5824,145.0
pessimistic,250,random_feasible,8,8,8,33,3,0.1207,0.0
pessimistic,250,random_feasible,8,8,8,138,8,0.7497,150.0
pessimistic,250,random_feasible,8,8,8,229,8,0.7497,130.0
pessimistic,250,random_feasible,8,8,8,138,25,0.6168,60.0
pessimistic,250,random_feasible,8,8,8,171,4,0.7009,0.0
pessimistic,250,random_feasible,8,8,8,19,19,0.7776,0.0
pessimistic,250,random_feasible,8,8,8,49,28,0.6284,0.0
pessimistic,250,random_feasible,8,8,8,88,19,0.4786,0.0
pessimistic,250,random_feasible,8,8,8,69,38,0.9234,0.0
pessimistic,250,random_feasible,8,8,8,88,8,0.5449,90.0
pessimistic,250,random_feasible,8,8,8,45,3,0.9987,0.0
pessimistic,250,random_feasible,8,8,8,19,8,0.6785,160.0
pessimistic,250,random_feasible,8,8,8,38,25,0.9236,60.0
pessimistic,250,random_feasible,8,8,8,172,25,0.7432,115.0
pessimistic,250,random_feasible,8,8,8,138,35,0.8251,0.0
pessimistic,250,random_feasible,8,8,8,117,10,0.5419,0.0
pessimistic,250,random_feasible,8,8,8,134,38,0.4359,0.0
pessimistic,250,random_feasible,8,8,8,190,33,0.7983,0.0
pessimistic,250,random_feasible,8,8,8,235,29,0.6756,0.0
pessimistic,250,random_feasible,8,8,8,190,18,0.5862,0.0
pessimistic,250,random_feasible,8,8,8,191,18,0.6335,0.0
pessimistic,250,random_feasible,8,8,8,131,8,0.7915,95.0
pessimistic,250,random_feasible,8,8,8,36,29,0.6756,5.0
pessimistic,250,random_feasible,8,8,8,131,9,0.7241,0.0
pessimistic,250,random_feasible,8,8,8,138,29,0.7883,0.0
pessimistic,250,random_feasible,8,8,8,209,8,0.7497,130.0
pessimistic,250,random_feasible,8,8,8,233,20,0.6364,0.0
pessimistic,250,random_feasible,8,8,8,6,4,0.6966,0.0
pessimistic,250,random_feasible,8,8,8,117,31,0.5579,0.0
pessimistic,250,random_feasible,8,8,8,184,9,0.7271,0.0
pessimistic,250,random_feasible,8,8,8,135,34,0.4842,0.0
pessimistic,250,random_feasible,8,8,8,86,8,0.6025,110.0
pessimistic,250,random_feasible,8,8,8,108,1,0.8481,0.0
pessimistic,250,random_feasible,8,8,8,196,34,0.9694,0.0
pessimistic,250,random_feasible,8,8,8,6,8,0.5809,0.0
pessimistic,250,random_feasible,8,8,8,196,9,0.7251,5.0
pessimistic,250,random_feasible,8,8,8,6,8,0.7497,0.0
pessimistic,250,random_feasible,8,8,8,127,25,0.9236,105.0
pessimistic,250,random_feasible,8,8,8,133,0,0.6671,0.0
pessimistic,250,random_feasible,8,8,8,221,17,0.4268,0.0
pessimistic,250,random_feasible,8,8,8,95,0,0.6671,0.0
pessimistic,250,random_feasible,8,8,8,108,0,0.2188,0.0
pessimistic,250,random_feasible,8,8,8,221,17,0.4268,5.0
pessimistic,250,random_feasible,8,8,8,19,27,0.7723,0.0
pessimistic,250,random_feasible,8,8,8,22,10,0.548,0.0
pessimistic,250,random_feasible,8,8,8,133,38,0.7682,0.0
pessimistic,250,random_feasible,8,8,8,111,27,0.9975,0.0
pessimistic,250,random_feasible,8,8,8,21,18,0.9859,0.0
pessimistic,250,random_feasible,8,8,8,22,13,0.3371,0.0
pessimistic,250,random_feasible,8,8,8,95,14,0.8122,0.0
pessimistic,250,random_feasible,8,8,8,21,8,0.7497,5.0
pessimistic,250,random_feasible,8,8,8,167,8,0.6378,125.0
pessimistic,250,random_feasible,8,8,8,212,8,0.7497,115.0
pessimistic,250,random_feasible,8,8,8,204,18,0.6335,5.0
pessimistic,250,random_feasible,8,8,8,204,10,0.5403,0.0
pessimistic,250,random_feasible,8,8,8,193,20,0.9587,5.0
pessimistic,250,random_feasible,8,8,8,72,13,0.6752,0.0
pessimistic,250,random_feasible,8,8,8,154,19,0.4798,0.0
pessimistic,250,random_feasible,8,8,8,72,13,0.671,0.0
pessimistic,250,random_feasible,8,8,8,109,9,0.8235,0.0
pessimistic,250,random_feasible,8,8,8,231,8,0.7497,105.0
pessimistic,250,random_feasible,8,8,8,141,29,0.6017,0.0
pessimistic,250,random_feasible,8,8,8,66,25,0.9718,0.0
pessimistic,250,random_feasible,8,8,8,116,10,0.9002,0.0
pessimistic,250,random_feasible,8,8,8,82,8,0.6895,110.0
pessimistic,250,random_feasible,8,8,8,206,25,0.7873,0.0
pessimistic,250,random_feasible,8,8,8,212,8,0.6713,45.0
pessimistic,250,random_feasible,8,8,8,105,13,0.8765,0.0
pessimistic,250,random_feasible,8,8,8,214,10,0.9922,0.0
pessimistic,250,random_feasible,8,8,8,144,8,0.7497,110.0
pessimistic,250,random_feasible,8,8,8,108,25,0.7222,0.0
pessimistic,250,random_feasible,8,8,8,173,9,0.8235,0.0
pessimistic,250,random_feasible,8,8,8,105,5,0.9846,0.0
pessimistic,250,random_feasible,8,8,8,108,9,0.4753,0.0
pessimistic,250,random_feasible,8,8,8,201,13,0.8765,0.0
pessimistic,250,random_feasible,8,8,8,108,9,0.8235,0.0
pessimistic,250,random_feasible,8,8,8,137,27,0.7178,5.0
pessimistic,250,random_feasible,8,8,8,212,27,0.4305,0.0
pessimistic,250,random_feasible,8,8,8,108,25,0.9236,0.0
pessimistic,250,random_feasible,8,8,8,22,8,0.7497,0.0
pessimistic,250,random_feasible,8,8,8,159,10,0.5403,0.0
pessimistic,250,random_feasible,8,8,8,173,9,0.3925,0.0
pessimistic,250,random_feasible,8,8,8,212,28,0.7422,0.0
pessimistic,250,random_feasible,8,8,8,22,9,0.9893,5.0
pessimistic,250,random_feasible,8,8,8,212,10,0.6191,0.0
pessimistic,250,random_feasible,8,8,8,67,25,0.9236,0.0
pessimistic,250,random_feasible,8,8,8,216,13,0.8765,5.0
pessimistic,250,random_feasible,8,8,8,61,0,0.6671,0.0
pessimistic,250,random_feasible,8,8,8,216,8,0.7497,115.0
pessimistic,250,random_feasible,8,8,8,82,13,0.7338,5.0
pessimistic,250,random_feasible,8,8,8,99,9,0.8235,0.0
pessimistic,250,random_feasible,8,8,8,216,8,0.7497,10.0
pessimistic,250,random_feasible,8,8,8,67,8,0.3431,40.0
pessimistic,250,random_feasible,8,8,8,82,15,0.8555,0.0
pessimistic,250,random_feasible,8,8,8,124,15,0.899,0.0
pessimistic,250,random_feasible,8,8,8,216,8,0.7497,105.0
pessimistic,250,random_feasible,8,8,8,238,8,0.7497,0.0
pessimistic,250,random_feasible,8,8,8,6,13,0.8765,5.0
pessimistic,250,random_feasible,8,8,8,94,8,0.4477,0.0
pessimistic,250,random_feasible,8,8,8,126,25,0.9236,5.0
pessimistic,250,random_feasible,8,8,8,143,27,0.9109,5.0
pessimistic,250,random_feasible,8,8,8,185,8,0.7497,195.0
pessimistic,250,random_feasible,8,8,8,204,26,0.5064,0.0
pessimistic,250,random_feasible,8,8,8,244,19,0.6513,0.0
pessimistic,250,random_feasible,8,8,8,126,9,0.8235,0.0
pessimistic,250,random_feasible,8,8,8,164,31,0.7645,0.0
pessimistic,250,random_feasible,8,8,8,185,27,0.9996,0.0
pessimistic,250,random_feasible,8,8,8,64,5,0.6633,0.0
pessimistic,250,random_feasible,8,8,8,204,29,0.9579,0.0
pessimistic,250,random_feasible,8,8,8,94,7,0.8659,0.0
pessimistic,250,random_feasible,8,8,8,99,9,0.2485,0.0
pessimistic,250,random_feasible,8,8,8,124,31,0.8444,0.0
pessimistic,250,random_feasible,8,8,8,185,8,0.3719,135.0
pessimistic,250,random_feasible,8,8,8,239,20,0.5422,0.0
pessimistic,250,random_feasible,8,8,8,94,18,0.8278,0.0
pessimistic,250,random_feasible,8,8,8,77,0,0.6671,0.0
pessimistic,250,random_feasible,8,8,8,183,9,0.8235,55.0
pessimistic,250,random_feasible,8,8,8,15,25,0.9236,5.0
pessimistic,250,random_feasible,8,8,8,126,38,0.6098,0.0
pessimistic,250,random_feasible,8,8,8,110,38,0.5199,0.0
pessimistic,250,random_feasible,8,8,8,126,0,0.1049,115.0
pessimistic,250,random_feasible,8,8,8,164,15,0.7636,0.0
pessimistic,250,random_feasible,8,8,8,239,17,0.699,0.0
pessimistic,250,random_feasible,8,8,8,70,2,0.5974,0.0
pessimistic,250,random_feasible,8,8,8,128,27,1.0069,0.0
pessimistic,250,random_feasible,8,8,8,164,27,0.0687,5.0
pessimistic,250,random_feasible,8,8,8,238,19,0.8651,0.0
pessimistic,250,random_feasible,8,8,8,2,8,0.5777,140.0
pessimistic,250,random_feasible,8,8,8,110,34,0.973,0.0
pessimistic,250,random_feasible,8,8,8,164,27,0.7386,5.0
pessimistic,250,random_feasible,8,8,8,162,29,0.6165,5.0
pessimistic,250,random_feasible,8,8,8,14,12,1.4283,0.0
pessimistic,250,random_feasible,8,8,8,162,8,0.7497,180.0
pessimistic,250,random_feasible,8,8,8,169,27,1.0646,110.0
pessimistic,250,random_feasible,8,8,8,216,15,0.9336,0.0
pessimistic,250,random_feasible,8,8,8,229,29,0.6756,5.0
pessimistic,250,random_feasible,8,8,8,81,10,0.5403,0.0
pessimistic,250,random_feasible,8,8,8,172,12,0.7507,0.0
pessimistic,250,random_feasible,8,8,8,229,33,0.9763,0.0
pessimistic,250,random_feasible,8,8,8,139,13,0.8765,0.0
pessimistic,250,random_feasible,8,8,8,172,8,0.6326,20.0
pessimistic,250,random_feasible,8,8,8,179,9,0.416,0.0
pessimistic,250,random_feasible,8,8,8,65,19,0.474,0.0
pessimistic,250,random_feasible,8,8,8,139,18,0.6335,5.0
pessimistic,250,random_feasible,8,8,8,106,36,0.7186,0.0
pessimistic,250,random_feasible,8,8,8,177,18,0.6335,0.0
pessimistic,250,random_feasible,8,8,8,149,13,0.6853,0.0
pessimistic,250,random_feasible,8,8,8,169,14,0.6481,0.0
pessimistic,250,random_feasible,8,8,8,12,15,0.8542,0.0
pessimistic,250,random_feasible,8,8,8,163,27,0.4381,20.0
pessimistic,250,random_feasible,8,8,8,34,1,0.9365,0.0
pessimistic,250,random_feasible,8,8,8,56,10,0.8477,0.0
pessimistic,250,random_feasible,8,8,8,165,38,0.7292,0.0
pessimistic,250,random_feasible,8,8,8,52,10,0.832,5.0
pessimistic,250,random_feasible,8,8,8,247,9,0.8235,0.0
pessimistic,250,random_feasible,8,8,8,10,9,0.8235,65.0
pessimistic,250,random_feasible,8,8,8,95,38,0.4014,5.0
pessimistic,250,random_feasible,8,8,8,2,8,0.6713,40.0
pessimistic,250,random_feasible,8,8,8,10,12,0.1965,0.0
pessimistic,250,random_feasible,8,8,8,84,29,0.553,0.0
pessimistic,250,random_feasible,8,8,8,2,8,0.7497,55.0
pessimistic,250,random_feasible,8,8,8,10,26,0.3816,0.0
pessimistic,250,random_feasible,8,8,8,242,11,0.9719,0.0
pessimistic,250,random_feasible,8,8,8,10,7,0.3121,0.0
pessimistic,250,random_feasible,8,8,8,53,39,0.6104,0.0
pessimistic,250,random_feasible,8,8,8,86,14,0.7067,0.0
pessimistic,250,random_feasible,8,8,8,96,29,0.5789,5.0
pessimistic,250,random_feasible,8,8,8,151,11,0.4988,0.0
pessimistic,250,random_feasible,8,8,8,151,16,0.9372,0.0
pessimistic,250,random_feasible,8,8,8,41,18,0.6335,0.0
pessimistic,250,random_feasible,8,8,8,91,0,0.721,5.0
pessimistic,250,random_feasible,8,8,8,222,38,0.7292,0.0
pessimistic,250,random_feasible,8,8,8,222,0,0.6671,0.0
pessimistic,250,random_feasible,8,8,8,78,20,0.6728,0.0
pessimistic,250,random_feasible,8,8,8,157,17,0.7605,0.0
pessimistic,250,random_feasible,8,8,8,37,25,0.6412,0.0
pessimistic,250,random_feasible,8,8,8,167,0,0.1724,0.0
pessimistic,250,random_feasible,8,8,8,51,13,0.8052,0.0
pessimistic,250,random_feasible,8,8,8,186,17,0.7078,0.0
pessimistic,250,random_feasible,8,8,8,78,17,0.1994,5.0
pessimistic,250,random_feasible,8,8,8,172,12,0.1807,0.0
pessimistic,250,random_feasible,8,8,8,186,5,0.8301,0.0
pessimistic,250,random_feasible,8,8,8,78,0,0.6761,5.0
pessimistic,250,random_feasible,8,8,8,186,18,0.2252,0.0
pessimistic,250,random_feasible,8,8,8,25,8,0.7079,55.0
pessimistic,250,random_feasible,8,8,8,135,12,0.4043,0.0
pessimistic,250,random_feasible,8,8,8,136,25,0.2905,5.0
pessimistic,250,random_feasible,8,8,8,144,8,0.6714,100.0
pessimistic,250,random_feasible,8,8,8,192,25,0.9236,5.0
pessimistic,250,random_feasible,8,8,8,228,16,0.6683,0.0
pessimistic,250,random_feasible,8,8,8,231,11,0.7018,0.0
pessimistic,250,random_feasible,8,8,8,58,11,0.7987,0.0
pessimistic,250,random_feasible,8,8,8,78,0,0.6625,5.0
pessimistic,250,random_feasible,8,8,8,79,36,0.897,0.0
pessimistic,250,random_feasible,8,8,8,136,29,0.2764,20.0
pessimistic,250,random_feasible,8,8,8,177,29,0.6756,0.0
pessimistic,250,random_feasible,8,8,8,228,16,0.6658,0.0
pessimistic,250,random_feasible,8,8,8,241,0,0.6671,0.0
pessimistic,250,random_feasible,8,8,8,177,9,0.8235,0.0
pessimistic,250,random_feasible,8,8,8,70,37,0.7753,0.0
pessimistic,250,random_feasible,8,8,8,186,15,0.4841,0.0
pessimistic,250,random_feasible,8,8,8,27,11,0.843,60.0
pessimistic,250,random_feasible,8,8,8,30,9,0.5268,5.0
pessimistic,250,random_feasible,8,8,8,92,29,0.6756,100.0
pessimistic,250,random_feasible,8,8,8,241,14,0.8122,0.0
pessimistic,250,random_feasible,8,8,8,7,8,0.7044,15.0
pessimistic,250,random_feasible,8,8,8,25,27,0.9842,0.0
pessimistic,250,random_feasible,8,8,8,177,33,0.6923,0.0
pessimistic,250,random_feasible,8,8,8,107,0,0.5443,5.0
pessimistic,250,random_feasible,8,8,8,240,8,0.7497,120.0
pessimistic,250,random_feasible,8,8,8,107,25,0.9236,0.0
pessimistic,250,random_feasible,8,8,8,228,37,0.5121,0.0
pessimistic,250,random_feasible,8,8,8,144,27,0.9842,5.0
pessimistic,250,random_feasible,8,8,8,147,9,0.8235,0.0
pessimistic,250,random_feasible,8,8,8,25,19,0.5961,0.0
pessimistic,250,random_feasible,8,8,8,248,10,0.5403,0.0
pessimistic,250,random_feasible,8,8,8,142,25,0.9236,0.0
pessimistic,250,random_feasible,8,8,8,236,8,0.7022,95.0
pessimistic,250,random_feasible,8,8,8,248,18,0.6335,0.0
pessimistic,250,random_feasible,8,8,8,107,3,0.7062,0.0
pessimistic,250,random_feasible,8,8,8,71,38,0.4724,0.0
pessimistic,250,random_feasible,8,8,8,198,33,0.4297,0.0
pessimistic,250,random_feasible,8,8,8,198,29,0.5608,5.0
pessimistic,250,random_feasible,8,8,8,207,17,0.4488,0.0
pessimistic,250,random_feasible,8,8,8,207,3,0.2081,0.0
pessimistic,250,random_feasible,8,8,8,168,29,0.5426,0.0
pessimistic,250,random_feasible,8,8,8,161,37,0.3952,5.0
pessimistic,250,random_feasible,8,8,8,236,27,0.7723,5.0
pessimistic,250,random_feasible,8,8,8,97,8,0.7497,0.0
pessimistic,250,random_feasible,8,8,8,153,36,0.9864,0.0
pessimistic,250,random_feasible,8,8,8,12,29,0.6756,5.0
pessimistic,250,random_feasible,8,8,8,152,26,0.8742,0.0
pessimistic,250,random_feasible,8,8,8,187,14,0.1519,0.0
pessimistic,250,random_feasible,8,8,8,12,9,0.7253,0.0
pessimistic,250,random_feasible,8,8,8,187,0,0.5244,0.0
pessimistic,250,random_feasible,8,8,8,157,4,0.7796,0.0
pessimistic,250,random_feasible,8,8,8,99,23,0.8329,0.0
pessimistic,250,random_feasible,8,8,8,161,21,0.6656,0.0
pessimistic,250,random_feasible,8,8,8,63,12,0.1764,0.0
pessimistic,250,random_feasible,8,8,8,91,25,0.9236,0.0
pessimistic,250,random_feasible,8,8,8,121,31,0.9222,0.0
pessimistic,250,random_feasible,8,8,8,205,13,0.8765,0.0
pessimistic,250,random_feasible,8,8,8,121,16,0.3269,0.0
pessimistic,250,random_feasible,8,8,8,91,9,0.7903,0.0
pessimistic,250,random_feasible,8,8,8,111,2,0.8525,0.0
pessimistic,250,random_feasible,8,8,8,37,18,0.4066,0.0
pessimistic,250,random_feasible,8,8,8,121,7,0.5865,0.0
pessimistic,250,random_feasible,8,8,8,13,9,0.8235,5.0
pessimistic,250,random_feasible,8,8,8,125,24,0.8575,0.0
pessimistic,250,random_feasible,8,8,8,13,25,0.621,0.0
pessimistic,250,random_feasible,8,8,8,182,8,0.6751,110.0
pessimistic,250,random_feasible,8,8,8,75,9,0.6129,0.0
pessimistic,250,random_feasible,8,8,8,13,8,0.3431,75.0
pessimistic,250,random_feasible,8,8,8,37,8,0.6745,75.0
pessimistic,250,random_feasible,8,8,8,43,10,0.5403,5.0
pessimistic,250,random_feasible,8,8,8,43,13,0.8765,0.0
pessimistic,250,random_feasible,8,8,8,234,9,0.2079,0.0
pessimistic,250,random_feasible,8,8,8,123,21,0.9553,0.0
pessimistic,250,random_feasible,8,8,8,176,25,0.9236,0.0
pessimistic,250,random_feasible,8,8,8,224,0,0.6671,0.0
pessimistic,250,random_feasible,8,8,8,123,37,0.9544,0.0
pessimistic,250,random_feasible,8,8,8,224,17,0.4268,0.0
pessimistic,250,random_feasible,8,8,8,249,29,0.6736,5.0
pessimistic,250,random_feasible,8,8,8,224,2,0.5062,0.0
pessimistic,250,random_feasible,8,8,8,103,28,0.8085,0.0
pessimistic,250,random_feasible,8,8,8,151,29,0.5186,0.0
pessimistic,250,random_feasible,8,8,8,176,29,0.4407,0.0
pessimistic,250,random_feasible,8,8,8,234,0,0.3549,0.0
pessimistic,250,random_feasible,8,8,8,13,6,0.9837,0.0
pessimistic,250,random_feasible,8,8,8,249,4,0.7212,0.0
pessimistic,250,random_feasible,8,8,8,181,8,0.7497,0.0
pessimistic,250,random_feasible,8,8,8,28,17,0.4429,0.0
pessimistic,250,random_feasible,8,8,8,122,2,0.5974,0.0
pessimistic,250,random_feasible,8,8,8,137,8,0.4926,35.0
pessimistic,250,random_feasible,8,8,8,222,18,0.9471,0.0
pessimistic,250,random_feasible,8,8,8,122,2,0.5974,0.0
pessimistic,250,random_feasible,8,8,8,127,17,0.4268,0.0
pessimistic,250,random_feasible,8,8,8,127,14,0.9977,0.0
pessimistic,250,random_feasible,8,8,8,88,38,0.7292,0.0
pessimistic,250,random_feasible,8,8,8,160,25,0.8522,0.0
pessimistic,250,random_feasible,8,8,8,220,11,0.5244,0.0
pessimistic,250,random_feasible,8,8,8,48,29,0.5762,5.0
pessimistic,250,random_feasible,8,8,8,140,29,0.6756,5.0
pessimistic,250,random_feasible,8,8,8,160,0,0.7828,0.0
pessimistic,250,random_feasible,8,8,8,181,8,0.6713,5.0
pessimistic,250,random_feasible,8,8,8,220,8,0.5182,0.0
pessimistic,250,random_feasible,8,8,8,42,18,0.6335,0.0
pessimistic,250,random_feasible,8,8,8,137,37,0.9691,0.0
pessimistic,250,random_feasible,8,8,8,219,17,0.4268,0.0
pessimistic,250,random_feasible,8,8,8,42,13,0.3143,5.0
pessimistic,250,random_feasible,8,8,8,112,10,0.5403,0.0
pessimistic,250,random_feasible,8,8,8,146,11,0.8392,0.0
pessimistic,250,random_feasible,8,8,8,180,8,0.8443,5.0
pessimistic,250,random_feasible,8,8,8,218,30,0.8782,0.0
pessimistic,250,random_feasible,8,8,8,235,11,0.8359,5.0
pessimistic,250,random_feasible,8,8,8,146,10,0.5403,0.0
pessimistic,250,random_feasible,8,8,8,235,18,0.4496,0.0
pessimistic,250,random_feasible,8,8,8,235,15,0.5505,0.0
pessimistic,250,random_feasible,8,8,8,112,16,0.5515,0.0
pessimistic,250,random_feasible,8,8,8,235,39,0.8935,0.0
pessimistic,250,random_feasible,8,8,8,146,7,0.9382,0.0
pessimistic,250,random_feasible,8,8,8,235,10,0.8831,0.0
pessimistic,250,random_feasible,8,8,8,158,12,0.934,0.0
pessimistic,250,random_feasible,8,8,8,187,5,0.7911,0.0
pessimistic,250,random_feasible,8,8,8,49,8,0.7497,45.0
pessimistic,250,random_feasible,8,8,8,117,7,0.2338,0.0
pessimistic,250,random_feasible,8,8,8,121,8,0.7497,25.0
pessimistic,250,random_feasible,8,8,8,26,8,0.7497,0.0
pessimistic,250,random_feasible,8,8,8,49,11,0.7639,0.0
pessimistic,250,random_feasible,8,8,8,121,25,0.8602,0.0
pessimistic,250,random_feasible,8,8,8,235,27,0.9189,0.0
pessimistic,250,random_feasible,8,8,8,148,23,0.7569,0.0
pessimistic,250,random_feasible,8,8,8,148,6,0.9239,0.0
pessimistic,250,random_feasible,8,8,8,68,2,0.5016,5.0
pessimistic,250,random_feasible,8,8,8,215,29,0.6756,0.0
pessimistic,250,random_feasible,8,8,8,240,30,0.8399,0.0
pessimistic,250,random_feasible,8,8,8,120,17,0.7311,0.0
pessimistic,250,random_feasible,8,8,8,215,9,0.747,5.0
pessimistic,250,random_feasible,8,8,8,240,26,0.2692,0.0
pessimistic,250,random_feasible,8,8,8,132,25,0.6887,0.0
pessimistic,250,random_feasible,8,8,8,197,13,0.8765,0.0
pessimistic,250,random_feasible,8,8,8,225,11,0.8392,0.0
pessimistic,250,random_feasible,8,8,8,38,5,0.8915,0.0
pessimistic,250,random_feasible,8,8,8,206,14,0.2416,5.0
pessimistic,250,random_feasible,8,8,8,38,12,0.6833,5.0
pessimistic,250,random_feasible,8,8,8,197,0,0.9235,0.0
pessimistic,250,random_feasible,8,8,8,38,12,0.6833,5.0
pessimistic,250,random_feasible,8,8,8,120,23,0.8029,0.0
pessimistic,250,random_feasible,8,8,8,162,8,0.7497,0.0
pessimistic,250,random_feasible,8,8,8,240,21,0.1386,0.0
pessimistic,250,random_feasible,8,8,8,120,2,0.5974,5.0
pessimistic,250,random_feasible,8,8,8,123,8,0.7238,55.0
pessimistic,250,random_feasible,8,8,8,197,9,0.7839,5.0
pessimistic,250,random_feasible,8,8,8,37,8,0.7497,0.0
pessimistic,250,random_feasible,8,8,8,162,19,0.5409,0.0
pessimistic,250,random_feasible,8,8,8,197,8,0.674,110.0
pessimistic,250,random_feasible,8,8,8,162,8,0.7497,85.0
pessimistic,250,random_feasible,8,8,8,197,8,0.7933,95.0
pessimistic,250,random_feasible,8,8,8,220,8,0.3425,90.0
pessimistic,250,random_feasible,8,8,8,126,2,0.5726,45.0
pessimistic,250,random_feasible,8,8,8,135,27,0.9176,0.0
pessimistic,250,random_feasible,8,8,8,57,18,0.6335,5.0
pessimistic,250,random_feasible,8,8,8,37,8,0.3337,0.0
pessimistic,250,random_feasible,8,8,8,44,3,0.6743,0.0
pessimistic,250,random_feasible,8,8,8,232,11,0.8392,0.0
pessimistic,250,random_feasible,8,8,8,232,27,0.9286,0.0
pessimistic,250,random_feasible,8,8,8,110,0,0.6671,0.0
pessimistic,250,random_feasible,8,8,8,134,8,0.714,175.0
pessimistic,250,random_feasible,8,8,8,110,0,0.6671,0.0
pessimistic,250,random_feasible,8,8,8,116,28,0.769,0.0
pessimistic,250,random_feasible,8,8,8,174,2,0.5974,0.0
pessimistic,250,random_feasible,8,8,8,185,11,0.8392,0.0
pessimistic,250,random_feasible,8,8,8,85,28,0.7673,5.0
pessimistic,250,random_feasible,8,8,8,234,31,0.8154,0.0
pessimistic,250,random_feasible,8,8,8,185,0,0.0936,0.0
pessimistic,250,random_feasible,8,8,8,224,17,0.4268,0.0
pessimistic,250,random_feasible,8,8,8,11,18,0.6335,0.0
pessimistic,250,random_feasible,8,8,8,166,12,0.8351,0.0
pessimistic,250,random_feasible,8,8,8,224,38,0.7292,0.0
pessimistic,250,random_feasible,8,8,8,182,18,0.9215,0.0
pessimistic,250,random_feasible,8,8,8,147,12,0.9373,5.0
pessimistic,250,random_feasible,8,8,8,182,30,0.4476,0.0
pessimistic,250,random_feasible,8,8,8,202,2,0.5974,0.0
pessimistic,250,random_feasible,8,8,8,89,19,0.1627,0.0
pessimistic,250,random_feasible,8,8,8,202,20,0.6728,0.0
pessimistic,250,random_feasible,8,8,8,147,12,0.3052,0.0
pessimistic,250,random_feasible,8,8,8,185,18,0.4333,5.0
pessimistic,250,random_feasible,8,8,8,49,8,0.7497,150.0
pessimistic,250,random_feasible,8,8,8,89,27,0.8696,5.0
pessimistic,250,random_feasible,8,8,8,197,27,0.9842,0.0
pessimistic,250,random_feasible,8,8,8,220,11,0.7112,0.0
pessimistic,250,random_feasible,8,8,8,162,8,0.6713,5.0
pessimistic,250,random_feasible,8,8,8,77,18,0.6055,0.0
pessimistic,250,random_feasible,8,8,8,197,8,0.4154,0.0
pessimistic,250,random_feasible,8,8,8,117,35,0.7913,0.0
pessimistic,250,random_feasible,8,8,8,182,25,0.9992,0.0
pessimistic,250,random_feasible,8,8,8,28,11,0.8392,0.0
pessimistic,250,random_feasible,8,8,8,8,18,0.6335,0.0
pessimistic,250,random_feasible,8,8,8,190,9,0.5721,0.0
pessimistic,250,random_feasible,8,8,8,77,23,0.5476,0.0
pessimistic,250,random_feasible,8,8,8,32,12,0.5617,10.0
pessimistic,250,random_feasible,8,8,8,55,15,0.9729,0.0
pessimistic,250,random_feasible,8,8,8,17,15,0.9326,0.0
pessimistic,250,random_feasible,8,8,8,55,19,0.4361,0.0
pessimistic,250,random_feasible,8,8,8,114,27,0.8697,5.0
pessimistic,250,random_feasible,8,8,8,114,8,0.4072,5.0
pessimistic,250,random_feasible,8,8,8,201,39,0.9008,0.0
pessimistic,250,random_feasible,8,8,8,21,8,0.7497,80.0
pessimistic,250,random_feasible,8,8,8,108,11,0.6839,5.0
pessimistic,250,random_feasible,8,8,8,36,11,0.8392,115.0
pessimistic,250,random_feasible,8,8,8,120,10,0.5403,0.0
pessimistic,250,random_feasible,8,8,8,233,39,0.8021,0.0
pessimistic,250,random_feasible,8,8,8,93,31,0.8586,0.0
pessimistic,250,random_feasible,8,8,8,108,16,0.819,0.0
pessimistic,250,random_feasible,8,8,8,235,11,0.8392,85.0
pessimistic,250,random_feasible,8,8,8,110,11,0.8392,160.0
pessimistic,250,random_feasible,8,8,8,235,11,0.8392,90.0
pessimistic,250,random_feasible,8,8,8,178,1,0.854,0.0
pessimistic,250,random_feasible,8,8,8,188,38,0.527,0.0
pessimistic,250,random_feasible,8,8,8,76,18,0.6335,0.0
pessimistic,250,random_feasible,8,8,8,98,14,0.3706,0.0
pessimistic,250,random_feasible,8,8,8,106,8,0.7301,105.0
pessimistic,250,random_feasible,8,8,8,188,25,0.8465,0.0
pessimistic,250,random_feasible,8,8,8,245,12,0.8439,0.0
pessimistic,250,random_feasible,8,8,8,98,27,0.7918,5.0
pessimistic,250,random_feasible,8,8,8,78,19,0.8078,0.0
pessimistic,250,random_feasible,8,8,8,139,27,0.9639,50.0
pessimistic,250,random_feasible,8,8,8,173,17,0.4268,0.0
pessimistic,250,random_feasible,8,8,8,76,18,0.4919,0.0
pessimistic,250,random_feasible,8,8,8,173,38,0.7292,0.0
pessimistic,250,random_feasible,8,8,8,191,3,0.6286,0.0
pessimistic,250,random_feasible,8,8,8,98,28,0.4298,0.0
pessimistic,250,random_feasible,8,8,8,78,13,0.4442,0.0
pessimistic,250,random_feasible,8,8,8,98,13,0.4815,0.0
pessimistic,250,random_feasible,8,8,8,124,10,0.5403,5.0
pessimistic,250,random_feasible,8,8,8,98,16,0.9628,40.0
pessimistic,250,random_feasible,8,8,8,139,27,0.8301,5.0
pessimistic,250,random_feasible,8,8,8,238,12,0.1669,5.0
pessimistic,250,random_feasible,8,8,8,134,17,0.8153,0.0
pessimistic,250,random_feasible,8,8,8,139,8,0.9931,35.0
pessimistic,250,random_feasible,8,8,8,131,38,0.7033,0.0
pessimistic,250,random_feasible,8,8,8,210,17,0.214,5.0
pessimistic,250,random_feasible,8,8,8,210,2,0.4466,0.0
pessimistic,250,random_feasible,8,8,8,106,27,0.9842,0.0
pessimistic,250,random_feasible,8,8,8,12,8,0.4504,65.0
pessimistic,250,random_feasible,8,8,8,98,16,0.9524,5.0
pessimistic,250,random_feasible,8,8,8,139,29,0.4609,0.0
pessimistic,250,random_feasible,8,8,8,139,14,0.5903,0.0
pessimistic,250,random_feasible,8,8,8,214,8,0.7497,0.0
pessimistic,250,random_feasible,8,8,8,221,6,0.5382,0.0
pessimistic,250,random_feasible,8,8,8,67,21,0.771,0.0
pessimistic,250,random_feasible,8,8,8,212,10,0.5403,0.0
pessimistic,250,random_feasible,8,8,8,171,8,0.7497,5.0
pessimistic,250,random_feasible,8,8,8,197,12,0.5219,0.0
pessimistic,250,random_feasible,8,8,8,171,19,0.7692,0.0
pessimistic,250,random_feasible,8,8,8,18,24,0.9469,0.0
pessimistic,250,random_feasible,8,8,8,94,20,0.6728,0.0
pessimistic,250,random_feasible,8,8,8,204,9,0.6341,0.0
pessimistic,250,random_feasible,8,8,8,66,30,0.9402,0.0
pessimistic,250,random_feasible,8,8,8,92,9,0.7895,0.0
pessimistic,250,random_feasible,8,8,8,233,36,0.5225,0.0
pessimistic,250,random_feasible,8,8,8,22,3,0.6324,5.0
pessimistic,250,random_feasible,8,8,8,19,38,0.7292,0.0
pessimistic,250,random_feasible,8,8,8,74,3,0.7948,5.0
pessimistic,250,random_feasible,8,8,8,19,11,0.4645,30.0
pessimistic,250,random_feasible,8,8,8,120,11,0.8274,15.0
pessimistic,250,random_feasible,8,8,8,120,10,0.524,0.0
pessimistic,250,random_feasible,8,8,8,163,14,0.4328,0.0
pessimistic,250,random_feasible,8,8,8,68,32,0.7999,0.0
pessimistic,250,random_feasible,8,8,8,77,2,0.8502,0.0
pessimistic,250,random_feasible,8,8,8,133,13,0.8765,0.0
pessimistic,250,random_feasible,8,8,8,4,13,0.1954,5.0
pessimistic,250,random_feasible,8,8,8,68,35,0.8699,0.0
pessimistic,250,random_feasible,8,8,8,69,25,0.9198,0.0
pessimistic,250,random_feasible,8,8,8,77,38,0.6136,0.0
pessimistic,250,random_feasible,8,8,8,183,26,0.6795,0.0
pessimistic,250,random_feasible,8,8,8,9,8,0.3761,5.0
pessimistic,250,random_feasible,8,8,8,152,4,0.8523,0.0
pessimistic,250,random_feasible,8,8,8,203,8,0.7497,5.0
pessimistic,250,random_feasible,8,8,8,208,10,0.5403,0.0
pessimistic,250,random_feasible,8,8,8,149,8,0.5518,80.0
pessimistic,250,random_feasible,8,8,8,183,28,0.6534,0.0
pessimistic,250,random_feasible,8,8,8,77,33,0.7361,0.0
pessimistic,250,random_feasible,8,8,8,77,14,0.8628,0.0
pessimistic,250,random_feasible,8,8,8,105,13,0.8765,0.0
pessimistic,250,random_feasible,8,8,8,177,23,0.5434,0.0
pessimistic,250,random_feasible,8,8,8,2,13,0.8765,5.0
pessimistic,250,random_feasible,8,8,8,29,16,0.7766,0.0
pessimistic,250,random_feasible,8,8,8,82,9,0.8171,0.0
pessimistic,250,random_feasible,8,8,8,24,13,0.8765,0.0
pessimistic,250,random_feasible,8,8,8,63,9,0.8235,0.0
pessimistic,250,random_feasible,8,8,8,82,25,0.8369,0.0
pessimistic,250,random_feasible,8,8,8,231,25,0.8396,0.0
pessimistic,250,random_feasible,8,8,8,245,7,0.3137,0.0
pessimistic,250,random_feasible,8,8,8,157,25,0.9236,0.0
pessimistic,250,random_feasible,8,8,8,128,8,0.7497,0.0
pessimistic,250,random_feasible,8,8,8,157,9,0.8235,105.0
pessimistic,250,random_feasible,8,8,8,128,25,0.9236,0.0
pessimistic,250,random_feasible,8,8,8,77,9,0.7756,120.0
pessimistic,250,random_feasible,8,8,8,241,0,0.4332,0.0
pessimistic,250,random_feasible,8,8,8,49,18,0.6335,0.0
pessimistic,250,random_feasible,8,8,8,15,9,0.6069,140.0
pessimistic,250,random_feasible,8,8,8,53,29,0.6756,5.0
pessimistic,250,random_feasible,8,8,8,96,25,0.9236,0.0
pessimistic,250,random_feasible,8,8,8,149,3,0.6265,0.0
pessimistic,250,random_feasible,8,8,8,149,29,0.6756,5.0
pessimistic,250,random_feasible,8,8,8,56,2,0.4465,0.0
pessimistic,250,random_feasible,8,8,8,159,20,0.6728,0.0
pessimistic,250,random_feasible,8,8,8,84,16,0.9119,0.0
pessimistic,250,random_feasible,8,8,8,93,9,0.4357,105.0
pessimistic,250,random_feasible,8,8,8,206,35,0.9828,0.0
pessimistic,250,random_feasible,8,8,8,218,18,0.5044,0.0
pessimistic,250,random_feasible,8,8,8,143,8,0.7497,0.0
pessimistic,250,random_feasible,8,8,8,157,4,0.4603,0.0
pessimistic,250,random_feasible,8,8,8,159,17,0.699,0.0
pessimistic,250,random_feasible,8,8,8,81,8,0.7497,0.0
pessimistic,250,random_feasible,8,8,8,33,8,0.7175,45.0
pessimistic,250,random_feasible,8,8,8,81,8,0.7497,5.0
pessimistic,250,random_feasible,8,8,8,164,36,0.6113,0.0
pessimistic,250,random_feasible,8,8,8,6,25,0.762,5.0
pessimistic,250,random_feasible,8,8,8,164,20,0.6619,0.0
pessimistic,250,random_feasible,8,8,8,143,19,0.1,0.0
pessimistic,250,random_feasible,8,8,8,159,38,0.67,0.0
pessimistic,250,random_feasible,8,8,8,244,15,0.8789,0.0
pessimistic,250,random_feasible,8,8,8,143,15,0.9336,5.0
pessimistic,250,random_feasible,8,8,8,159,29,0.6756,0.0
pessimistic,250,random_feasible,8,8,8,164,1,0.6967,0.0
pessimistic,250,random_feasible,8,8,8,244,18,0.9982,0.0
pessimistic,250,random_feasible,8,8,8,81,32,0.7356,0.0
pessimistic,250,random_feasible,8,8,8,143,11,0.8392,0.0
pessimistic,250,random_feasible,8,8,8,72,17,0.4089,0.0
pessimistic,250,random_feasible,8,8,8,193,16,0.4728,0.0
pessimistic,250,random_feasible,8,8,8,121,16,0.4394,0.0
pessimistic,250,random_feasible,8,8,8,193,27,0.9917,5.0
pessimistic,250,random_feasible,8,8,8,121,8,0.6728,0.0
pessimistic,250,random_feasible,8,8,8,159,9,0.4435,45.0
pessimistic,250,random_feasible,8,8,8,160,33,0.8879,0.0
pessimistic,250,random_feasible,8,8,8,186,10,0.5403,0.0
pessimistic,250,random_feasible,8,8,8,121,13,0.5887,5.0
pessimistic,250,random_feasible,8,8,8,186,11,0.8392,5.0
pessimistic,250,random_feasible,8,8,8,121,10,0.4755,0.0
pessimistic,250,random_feasible,8,8,8,27,8,0.7497,0.0
pessimistic,250,random_feasible,8,8,8,165,29,0.5404,0.0
pessimistic,250,random_feasible,8,8,8,138,18,0.6335,0.0
pessimistic,250,random_feasible,8,8,8,216,18,0.6335,5.0
pessimistic,250,random_feasible,8,8,8,18,8,0.7497,0.0
pessimistic,250,random_feasible,8,8,8,111,39,0.8495,0.0
pessimistic,250,random_feasible,8,8,8,61,25,0.9236,20.0
pessimistic,250,random_feasible,8,8,8,172,23,0.4536,0.0
pessimistic,250,random_feasible,8,8,8,216,28,0.9705,0.0
pessimistic,250,random_feasible,8,8,8,70,27,0.9308,0.0
pessimistic,250,random_feasible,8,8,8,152,25,0.5922,10.0
pessimistic,250,random_feasible,8,8,8,172,20,0.8145,0.0
pessimistic,250,random_feasible,8,8,8,216,0,0.6671,0.0
pessimistic,250,random_feasible,8,8,8,110,39,0.8938,0.0
pessimistic,250,random_feasible,8,8,8,162,29,0.6756,0.0
pessimistic,250,random_feasible,8,8,8,216,0,0.8314,0.0
pessimistic,250,random_feasible,8,8,8,105,8,0.7497,80.0
pessimistic,250,random_feasible,8,8,8,110,18,0.4981,0.0
pessimistic,250,random_feasible,8,8,8,105,8,0.7497,115.0
pessimistic,250,random_feasible,8,8,8,152,29,0.4407,5.0
pessimistic,250,random_feasible,8,8,8,45,20,0.6314,0.0
pessimistic,250,random_feasible,8,8,8,183,23,0.5786,5.0
pessimistic,250,random_feasible,8,8,8,110,16,0.4399,0.0
pessimistic,250,random_feasible,8,8,8,141,20,0.3607,5.0
pessimistic,250,random_feasible,8,8,8,183,12,0.4188,0.0
pessimistic,250,random_feasible,8,8,8,70,27,0.897,0.0
pessimistic,250,random_feasible,8,8,8,56,8,0.6337,40.0
pessimistic,250,random_feasible,8,8,8,96,18,0.873,0.0
pessimistic,250,random_feasible,8,8,8,173,18,0.6335,0.0
pessimistic,250,random_feasible,8,8,8,203,11,0.6552,60.0
pessimistic,250,random_feasible,8,8,8,239,5,0.5942,0.0
pessimistic,250,random_feasible,8,8,8,71,25,0.7936,0.0
pessimistic,250,random_feasible,8,8,8,203,5,0.6505,0.0
pessimistic,250,random_feasible,8,8,8,14,8,0.7497,95.0
pessimistic,250,random_feasible,8,8,8,110,0,0.5234,0.0
pessimistic,250,random_feasible,8,8,8,183,26,0.706,0.0
pessimistic,250,random_feasible,8,8,8,203,15,0.8891,0.0
pessimistic,250,random_feasible,8,8,8,21,10,0.5403,0.0
pessimistic,250,random_feasible,8,8,8,97,25,0.7409,5.0
pessimistic,250,random_feasible,8,8,8,157,27,0.8984,0.0
pessimistic,250,random_feasible,8,8,8,236,17,0.9108,0.0
pessimistic,250,random_feasible,8,8,8,30,1,0.7398,0.0
pessimistic,250,random_feasible,8,8,8,30,16,0.9526,0.0
pessimistic,250,random_feasible,8,8,8,105,4,0.6934,0.0
pessimistic,250,random_feasible,8,8,8,56,12,0.5906,0.0
pessimistic,250,random_feasible,8,8,8,248,4,0.3795,0.0
pessimistic,250,random_feasible,8,8,8,105,19,0.4612,0.0
pessimistic,250,random_feasible,8,8,8,169,2,0.4689,0.0
pessimistic,250,random_feasible,8,8,8,136,2,0.7648,0.0
pessimistic,250,random_feasible,8,8,8,79,33,0.6728,0.0
pessimistic,250,random_feasible,8,8,8,81,39,0.9189,0.0
pessimistic,250,random_feasible,8,8,8,181,29,0.6216,0.0
pessimistic,250,random_feasible,8,8,8,184,3,0.3032,0.0
pessimistic,250,random_feasible,8,8,8,238,25,0.7218,5.0
pessimistic,250,random_feasible,8,8,8,136,24,0.5643,0.0
pessimistic,250,random_feasible,8,8,8,238,29,0.4814,5.0
pessimistic,250,random_feasible,8,8,8,79,28,0.9933,0.0
pessimistic,250,random_feasible,8,8,8,127,38,0.7124,0.0
pessimistic,250,random_feasible,8,8,8,26,16,0.7192,0.0
pessimistic,250,random_feasible,8,8,8,184,17,0.3821,0.0
pessimistic,250,random_feasible,8,8,8,144,20,0.3795,0.0
pessimistic,250,random_feasible,8,8,8,13,11,0.9704,0.0
pessimistic,250,random_feasible,8,8,8,144,38,0.5116,0.0
pessimistic,250,random_feasible,8,8,8,10,0,0.6671,5.0
pessimistic,250,random_feasible,8,8,8,13,15,0.8046,0.0
pessimistic,250,random_feasible,8,8,8,99,15,0.788,0.0
pessimistic,250,random_feasible,8,8,8,167,22,0.3862,0.0
pessimistic,250,random_feasible,8,8,8,123,17,0.4268,0.0
pessimistic,250,random_feasible,8,8,8,167,19,0.4443,0.0
pessimistic,250,random_feasible,8,8,8,166,25,0.9236,0.0
pessimistic,250,random_feasible,8,8,8,222,27,0.9425,0.0
pessimistic,250,random_feasible,8,8,8,51,4,0.4784,0.0
pessimistic,250,random_feasible,8,8,8,135,0,0.6827,0.0
pessimistic,250,random_feasible,8,8,8,13,23,0.9784,0.0
pessimistic,250,random_feasible,8,8,8,228,19,0.8924,0.0
pessimistic,250,random_feasible,8,8,8,96,29,0.6756,5.0
pessimistic,250,random_feasible,8,8,8,222,8,0.4028,0.0
pessimistic,250,random_feasible,8,8,8,228,27,0.8518,5.0
pessimistic,250,random_feasible,8,8,8,123,0,0.7382,0.0
pessimistic,250,random_feasible,8,8,8,228,9,0.3196,5.0
pessimistic,250,random_feasible,8,8,8,58,27,0.7449,0.0
pessimistic,250,random_feasible,8,8,8,58,8,0.7497,5.0
pessimistic,250,random_feasible,8,8,8,133,8,0.7497,40.0
pessimistic,250,random_feasible,8,8,8,75,8,0.7355,40.0
pessimistic,250,random_feasible,8,8,8,153,25,0.9236,0.0
pessimistic,250,random_feasible,8,8,8,240,13,0.9153,0.0
pessimistic,250,random_feasible,8,8,8,86,33,0.516,0.0
pessimistic,250,random_feasible,8,8,8,86,24,0.8343,0.0
pessimistic,250,random_feasible,8,8,8,32,9,0.8235,5.0
pessimistic,250,random_feasible,8,8,8,65,8,0.7497,50.0
pessimistic,250,random_feasible,8,8,8,125,18,0.6335,0.0
pessimistic,250,random_feasible,8,8,8,95,15,0.7741,0.0
pessimistic,250,random_feasible,8,8,8,198,19,0.9753,0.0
pessimistic,250,random_feasible,8,8,8,43,39,0.7995,0.0
pessimistic,250,random_feasible,8,8,8,198,11,0.8026,5.0
pessimistic,250,random_feasible,8,8,8,43,30,0.9177,0.0
pessimistic,250,random_feasible,8,8,8,204,16,0.7775,0.0
pessimistic,250,random_feasible,8,8,8,65,14,0.8712,0.0
pessimistic,250,random_feasible,8,8,8,201,20,0.6728,0.0
pessimistic,250,random_feasible,8,8,8,205,38,0.7292,0.0
pessimistic,250,random_feasible,8,8,8,206,25,0.7406,0.0
pessimistic,250,random_feasible,8,8,8,7,14,0.4964,0.0
pessimistic,250,random_feasible,8,8,8,88,20,0.5399,0.0
pessimistic,250,random_feasible,8,8,8,207,7,0.6891,0.0
pessimistic,250,random_feasible,8,8,8,13,29,0.5035,0.0
pessimistic,250,random_feasible,8,8,8,158,9,0.8235,0.0
pessimistic,250,random_feasible,8,8,8,158,29,0.6756,0.0
pessimistic,250,random_feasible,8,8,8,219,29,0.6756,0.0
pessimistic,250,random_feasible,8,8,8,36,16,0.8737,0.0
pessimistic,250,random_feasible,8,8,8,179,12,0.7021,0.0
pessimistic,250,random_feasible,8,8,8,180,10,0.8542,0.0
pessimistic,250,random_feasible,8,8,8,25,20,0.6728,5.0
pessimistic,250,random_feasible,8,8,8,25,2,0.5974,0.0
pessimistic,250,random_feasible,8,8,8,180,23,0.648,0.0
pessimistic,250,random_feasible,8,8,8,219,24,0.997,0.0
pessimistic,250,random_feasible,8,8,8,249,9,0.5037,0.0
pessimistic,250,random_feasible,8,8,8,180,1,0.4861,0.0
pessimistic,250,random_feasible,8,8,8,34,9,0.8534,0.0
pessimistic,250,random_feasible,8,8,8,117,39,0.8222,0.0
pessimistic,250,random_feasible,8,8,8,157,29,0.6756,65.0
pessimistic,250,random_feasible,8,8,8,180,23,0.4929,0.0
pessimistic,250,random_feasible,8,8,8,219,9,0.9485,15.0
pessimistic,250,random_feasible,8,8,8,117,23,0.5686,0.0
pessimistic,250,random_feasible,8,8,8,180,10,0.7098,0.0
pessimistic,250,random_feasible,8,8,8,142,9,0.8235,45.0
pessimistic,250,random_feasible,8,8,8,161,10,0.5194,0.0
pessimistic,250,random_feasible,8,8,8,215,2,0.5974,0.0
pessimistic,250,random_feasible,8,8,8,123,16,0.7293,0.0
pessimistic,250,random_feasible,8,8,8,122,29,0.6756,0.0
pessimistic,250,random_feasible,8,8,8,14,7,0.8771,0.0
pessimistic,250,random_feasible,8,8,8,89,15,0.7707,0.0
pessimistic,250,random_feasible,8,8,8,93,2,0.7111,0.0
pessimistic,250,random_feasible,8,8,8,15,20,0.5275,0.0
pessimistic,250,random_feasible,8,8,8,114,11,0.8392,0.0
pessimistic,250,random_feasible,8,8,8,147,8,0.7805,0.0
pessimistic,250,random_feasible,8,8,8,116,12,0.1481,0.0
pessimistic,250,random_feasible,8,8,8,147,11,0.2701,0.0
pessimistic,250,random_feasible,8,8,8,242,8,0.3554,0.0
pessimistic,250,random_feasible,8,8,8,167,3,0.575,5.0
pessimistic,250,random_feasible,8,8,8,229,9,0.8235,100.0
pessimistic,250,random_feasible,8,8,8,229,29,0.6756,0.0
pessimistic,250,random_feasible,8,8,8,15,11,0.2046,0.0
pessimistic,250,random_feasible,8,8,8,229,29,0.6756,0.0
pessimistic,250,random_feasible,8,8,8,77,11,0.8392,0.0
pessimistic,250,random_feasible,8,8,8,147,26,0.5796,0.0
pessimistic,250,random_feasible,8,8,8,235,21,0.9773,0.0
pessimistic,250,random_feasible,8,8,8,11,25,0.9236,0.0
pessimistic,250,random_feasible,8,8,8,120,8,0.7497,0.0
pessimistic,250,random_feasible,8,8,8,229,3,0.7801,0.0
pessimistic,250,random_feasible,8,8,8,22,18,0.6335,0.0
pessimistic,250,random_feasible,8,8,8,42,25,0.9236,0.0
pessimistic,250,random_feasible,8,8,8,106,11,0.4224,0.0
pessimistic,250,random_feasible,8,8,8,63,12,0.1591,0.0
pessimistic,250,random_feasible,8,8,8,12,14,0.2278,0.0
pessimistic,250,random_feasible,8,8,8,108,19,1.3771,0.0
pessimistic,250,random_feasible,8,8,8,182,24,0.8807,0.0
pessimistic,250,random_feasible,8,8,8,182,8,0.7497,195.0
pessimistic,250,random_feasible,8,8,8,176,27,0.9111,0.0
pessimistic,250,random_feasible,8,8,8,85,5,0.6207,0.0
pessimistic,250,random_feasible,8,8,8,176,13,0.1379,0.0
pessimistic,250,random_feasible,8,8,8,192,11,0.5544,5.0
pessimistic,250,random_feasible,8,8,8,172,25,0.6827,0.0
pessimistic,250,random_feasible,8,8,8,176,20,0.6728,0.0
pessimistic,250,random_feasible,8,8,8,176,2,0.5974,5.0
pessimistic,250,random_feasible,8,8,8,231,8,0.8638,100.0
pessimistic,250,random_feasible,8,8,8,132,29,0.7091,0.0
pessimistic,250,random_feasible,8,8,8,231,27,0.9336,0.0
pessimistic,250,random_feasible,8,8,8,241,17,0.4268,0.0
pessimistic,250,random_feasible,8,8,8,37,8,0.7497,135.0
pessimistic,250,random_feasible,8,8,8,132,8,0.7497,95.0
pessimistic,250,random_feasible,8,8,8,219,3,0.3305,0.0
pessimistic,250,random_feasible,8,8,8,55,14,0.9719,0.0
pessimistic,250,random_feasible,8,8,8,163,3,0.3465,5.0
pessimistic,250,random_feasible,8,8,8,8,16,0.4583,0.0
pessimistic,250,random_feasible,8,8,8,55,38,0.6735,0.0
pessimistic,250,random_feasible,8,8,8,78,29,0.6756,0.0
pessimistic,250,random_feasible,8,8,8,190,2,0.5974,5.0
pessimistic,250,random_feasible,8,8,8,219,14,0.0827,0.0
pessimistic,250,random_feasible,8,8,8,151,11,0.8392,25.0
pessimistic,250,random_feasible,8,8,8,163,20,0.6728,0.0
pessimistic,250,random_feasible,8,8,8,163,2,0.5974,0.0
pessimistic,250,random_feasible,8,8,8,219,29,0.6086,0.0
pessimistic,250,random_feasible,8,8,8,8,19,0.6735,0.0
pessimistic,250,random_feasible,8,8,8,151,12,0.9671,5.0
pessimistic,250,random_feasible,8,8,8,11,38,0.4725,0.0
pessimistic,250,random_feasible,8,8,8,137,12,0.9832,0.0
pessimistic,250,random_feasible,8,8,8,131,29,0.6421,0.0
pessimistic,250,random_feasible,8,8,8,25,17,0.4268,0.0
pessimistic,250,random_feasible,8,8,8,68,24,0.9714,0.0
pessimistic,250,random_feasible,8,8,8,107,14,0.9221,0.0
pessimistic,250,random_feasible,8,8,8,112,10,0.8289,0.0
pessimistic,250,random_feasible,8,8,8,94,8,0.7497,150.0
pessimistic,250,random_feasible,8,8,8,148,8,0.7497,130.0
pessimistic,250,random_feasible,8,8,8,214,25,0.7329,0.0
pessimistic,250,random_feasible,8,8,8,214,29,0.5409,0.0
pessimistic,250,random_feasible,8,8,8,214,27,0.9309,0.0
pessimistic,250,random_feasible,8,8,8,67,8,0.7208,115.0
pessimistic,250,random_feasible,8,8,8,108,19,0.5654,0.0
pessimistic,250,random_feasible,8,8,8,38,11,0.8392,0.0
pessimistic,250,random_feasible,8,8,8,124,8,0.5302,120.0
pessimistic,250,random_feasible,8,8,8,191,9,0.7332,0.0
pessimistic,250,random_feasible,8,8,8,140,29,0.6756,0.0
pessimistic,250,random_feasible,8,8,8,202,17,0.1496,0.0
pessimistic,250,random_feasible,8,8,8,214,29,0.5769,0.0
pessimistic,250,random_feasible,8,8,8,157,13,0.8765,0.0
pessimistic,250,random_feasible,8,8,8,78,29,0.5652,5.0
pessimistic,250,random_feasible,8,8,8,140,25,0.7132,0.0
pessimistic,250,random_feasible,8,8,8,140,0,0.5678,0.0
pessimistic,250,random_feasible,8,8,8,177,16,0.8924,0.0
pessimistic,250,random_feasible,8,8,8,126,0,0.202,0.0
pessimistic,250,random_feasible,8,8,8,89,2,0.5974,10.0
pessimistic,250,random_feasible,8,8,8,235,8,0.674,0.0
pessimistic,250,random_feasible,8,8,8,49,27,0.7847,0.0
pessimistic,250,random_feasible,8,8,8,66,13,0.8956,0.0
pessimistic,250,random_feasible,8,8,8,233,25,0.7712,0.0
pessimistic,250,random_feasible,8,8,8,235,8,0.7497,5.0
pessimistic,250,random_feasible,8,8,8,66,11,0.8392,0.0
pessimistic,250,random_feasible,8,8,8,126,29,0.5261,35.0
pessimistic,250,random_feasible,8,8,8,140,0,0.0917,0.0
pessimistic,250,random_feasible,8,8,8,229,29,0.6756,0.0
pessimistic,250,random_feasible,8,8,8,140,0,0.6671,0.0
pessimistic,250,random_feasible,8,8,8,229,9,0.5454,0.0
pessimistic,250,random_feasible,8,8,8,232,8,0.7497,70.0
pessimistic,250,random_feasible,8,8,8,235,27,0.5157,0.0
pessimistic,250,random_feasible,8,8,8,44,12,0.3021,0.0
pessimistic,250,random_feasible,8,8,8,97,11,0.8392,0.0
pessimistic,250,random_feasible,8,8,8,134,2,0.5974,30.0
pessimistic,250,random_feasible,8,8,8,6,35,0.5899,0.0
pessimistic,250,random_feasible,8,8,8,57,8,0.7154,0.0
pessimistic,250,random_feasible,8,8,8,85,9,0.3971,0.0
pessimistic,250,random_feasible,8,8,8,134,0,0.6609,0.0
pessimistic,250,random_feasible,8,8,8,140,29,0.6206,85.0
pessimistic,250,random_feasible,8,8,8,89,13,0.9505,0.0
pessimistic,250,random_feasible,8,8,8,57,19,0.7692,0.0
pessimistic,250,random_feasible,8,8,8,99,20,0.6309,0.0
pessimistic,250,random_feasible,8,8,8,149,9,0.7253,0.0
pessimistic,250,random_feasible,8,8,8,4,25,0.8328,0.0
pessimistic,250,random_feasible,8,8,8,97,28,0.4217,0.0
pessimistic,250,random_feasible,8,8,8,126,25,0.548,0.0
pessimistic,250,random_feasible,8,8,8,4,24,0.905,0.0
pessimistic,250,random_feasible,8,8,8,97,27,0.8971,0.0
pessimistic,250,random_feasible,8,8,8,131,9,0.9354,70.0
pessimistic,250,random_feasible,8,8,8,234,35,0.3765,0.0
pessimistic,250,random_feasible,8,8,8,74,20,0.6728,0.0
pessimistic,250,random_feasible,8,8,8,72,11,0.8058,0.0
pessimistic,250,random_feasible,8,8,8,74,20,0.6728,0.0
pessimistic,250,random_feasible,8,8,8,84,25,0.9077,5.0
pessimistic,250,random_feasible,8,8,8,126,19,0.8364,0.0
pessimistic,250,random_feasible,8,8,8,56,27,0.6534,0.0
pessimistic,250,random_feasible,8,8,8,72,7,0.7392,0.0
pessimistic,250,random_feasible,8,8,8,174,17,0.6489,5.0
pessimistic,250,random_feasible,8,8,8,182,26,0.2932,0.0
pessimistic,250,random_feasible,8,8,8,17,36,0.4178,0.0
pessimistic,250,random_feasible,8,8,8,84,8,0.3431,0.0
pessimistic,250,random_feasible,8,8,8,17,12,0.2795,5.0
pessimistic,250,random_feasible,8,8,8,182,35,0.7894,0.0
pessimistic,250,random_feasible,8,8,8,185,12,0.1773,80.0
pessimistic,250,random_feasible,8,8,8,98,17,0.4268,0.0
pessimistic,250,random_feasible,8,8,8,84,8,0.6713,10.0
pessimistic,250,random_feasible,8,8,8,110,20,0.2873,0.0
pessimistic,250,random_feasible,8,8,8,84,27,0.9842,5.0
pessimistic,250,random_feasible,8,8,8,133,33,0.8716,0.0
pessimistic,250,random_feasible,8,8,8,180,11,0.8392,0.0
pessimistic,250,random_feasible,8,8,8,84,31,0.9052,0.0
pessimistic,250,random_feasible,8,8,8,110,9,0.7409,0.0
pessimistic,250,random_feasible,8,8,8,70,13,0.9032,0.0
pessimistic,250,random_feasible,8,8,8,169,3,0.7703,0.0
pessimistic,250,random_feasible,8,8,8,222,20,0.9261,0.0
pessimistic,250,random_feasible,8,8,8,106,10,0.5403,0.0
pessimistic,250,random_feasible,8,8,8,169,10,0.9921,0.0
pessimistic,250,random_feasible,8,8,8,222,18,0.6335,0.0
pessimistic,250,random_feasible,8,8,8,110,3,0.5741,0.0
pessimistic,250,random_feasible,8,8,8,124,31,0.6059,0.0
pessimistic,250,random_feasible,8,8,8,218,29,0.5958,0.0
pessimistic,250,random_feasible,8,8,8,56,9,0.8235,5.0
pessimistic,250,random_feasible,8,8,8,56,25,0.9236,0.0
pessimistic,250,random_feasible,8,8,8,134,8,0.7497,75.0
pessimistic,250,random_feasible,8,8,8,171,8,0.7497,5.0
pessimistic,250,random_feasible,8,8,8,218,27,0.8304,0.0
pessimistic,250,random_feasible,8,8,8,11,33,0.7633,0.0
pessimistic,250,random_feasible,8,8,8,111,8,0.7497,75.0
pessimistic,250,random_feasible,8,8,8,134,8,0.7497,100.0
pessimistic,250,random_feasible,8,8,8,134,8,0.7497,80.0
pessimistic,250,random_feasible,8,8,8,146,38,0.4621,0.0
pessimistic,250,random_feasible,8,8,8,183,7,0.6278,0.0
pessimistic,250,random_feasible,8,8,8,57,38,0.9319,0.0
pessimistic,250,random_feasible,8,8,8,134,8,0.7497,45.0
pessimistic,250,random_feasible,8,8,8,171,25,0.7139,0.0
pessimistic,250,random_feasible,8,8,8,11,1,0.4327,0.0
pessimistic,250,random_feasible,8,8,8,135,20,0.6728,0.0
pessimistic,250,random_feasible,8,8,8,221,8,0.7497,5.0
pessimistic,250,random_feasible,8,8,8,11,38,0.9134,0.0
pessimistic,250,random_feasible,8,8,8,128,11,0.8372,0.0
pessimistic,250,random_feasible,8,8,8,212,25,0.9236,5.0
pessimistic,250,random_feasible,8,8,8,149,0,0.6671,0.0
pessimistic,250,random_feasible,8,8,8,181,6,0.5504,0.0
pessimistic,250,random_feasible,8,8,8,11,26,0.8461,0.0
pessimistic,250,random_feasible,8,8,8,139,38,0.6301,5.0
pessimistic,250,random_feasible,8,8,8,221,15,0.9336,0.0
pessimistic,250,random_feasible,8,8,8,139,20,0.3473,0.0
pessimistic,250,random_feasible,8,8,8,181,7,0.6585,0.0
pessimistic,250,random_feasible,8,8,8,225,3,0.9294,0.0
pessimistic,250,random_feasible,8,8,8,149,15,0.8807,0.0
pessimistic,250,random_feasible,8,8,8,96,25,0.7187,5.0
pessimistic,250,random_feasible,8,8,8,96,4,0.4531,0.0
pessimistic,250,random_feasible,8,8,8,76,29,0.518,0.0
pessimistic,250,random_feasible,8,8,8,165,31,0.9463,0.0
pessimistic,250,random_feasible,8,8,8,225,17,0.3821,0.0
pessimistic,250,random_feasible,8,8,8,160,12,0.1371,0.0
pessimistic,250,random_feasible,8,8,8,186,8,0.7497,5.0
pessimistic,250,random_feasible,8,8,8,160,25,0.9236,0.0
pessimistic,250,random_feasible,8,8,8,160,29,0.6468,0.0
pessimistic,250,random_feasible,8,8,8,121,36,0.1095,0.0
pessimistic,250,random_feasible,8,8,8,97,25,0.9529,0.0
pessimistic,250,random_feasible,8,8,8,97,28,0.7382,0.0
pessimistic,250,random_feasible,8,8,8,220,8,0.5956,5.0
pessimistic,250,random_feasible,8,8,8,151,35,0.996,0.0
pessimistic,250,random_feasible,8,8,8,210,8,0.8346,15.0
pessimistic,250,random_feasible,8,8,8,143,20,0.6728,0.0
pessimistic,250,random_feasible,8,8,8,29,8,0.7497,50.0
pessimistic,250,random_feasible,8,8,8,244,15,0.8969,0.0
pessimistic,250,random_feasible,8,8,8,127,8,0.7497,115.0
pessimistic,250,random_feasible,8,8,8,69,25,0.9236,0.0
pessimistic,250,random_feasible,8,8,8,148,0,0.6671,0.0
pessimistic,250,random_feasible,8,8,8,148,9,0.8235,0.0
pessimistic,250,random_feasible,8,8,8,33,25,0.9236,0.0
pessimistic,250,random_feasible,8,8,8,22,14,0.932,0.0
pessimistic,250,random_feasible,8,8,8,216,38,0.5663,0.0
pessimistic,250,random_feasible,8,8,8,18,11,0.4691,0.0
pessimistic,250,random_feasible,8,8,8,81,17,0.4268,0.0
pessimistic,250,random_feasible,8,8,8,188,9,0.8198,5.0
pessimistic,250,random_feasible,8,8,8,19,20,0.2462,0.0
pessimistic,250,random_feasible,8,8,8,28,8,0.1019,30.0
pessimistic,250,random_feasible,8,8,8,2,17,0.7978,0.0
pessimistic,250,random_feasible,8,8,8,67,2,0.5974,0.0
pessimistic,250,random_feasible,8,8,8,152,8,0.7497,65.0
pessimistic,250,random_feasible,8,8,8,206,0,0.1034,0.0
pessimistic,250,random_feasible,8,8,8,221,8,0.7497,85.0
pessimistic,250,random_feasible,8,8,8,239,14,0.3409,0.0
pessimistic,250,random_feasible,8,8,8,212,8,0.3573,105.0
pessimistic,250,random_feasible,8,8,8,239,31,0.8183,0.0
pessimistic,250,random_feasible,8,8,8,2,38,0.6101,5.0
pessimistic,250,random_feasible,8,8,8,30,8,0.7497,10.0
pessimistic,250,random_feasible,8,8,8,206,3,0.39,0.0
pessimistic,250,random_feasible,8,8,8,208,13,0.8765,0.0
pessimistic,250,random_feasible,8,8,8,236,29,0.6756,0.0
pessimistic,250,random_feasible,8,8,8,152,9,0.0542,5.0
pessimistic,250,random_feasible,8,8,8,21,25,0.9236,0.0
pessimistic,250,random_feasible,8,8,8,26,29,0.6756,0.0
pessimistic,250,random_feasible,8,8,8,149,25,0.9236,0.0
pessimistic,250,random_feasible,8,8,8,92,20,0.9929,0.0
pessimistic,250,random_feasible,8,8,8,160,14,0.1309,0.0
pessimistic,250,random_feasible,8,8,8,241,38,0.5367,0.0
pessimistic,250,random_feasible,8,8,8,152,14,0.8191,0.0
pessimistic,250,random_feasible,8,8,8,164,16,0.9411,0.0
pessimistic,250,random_feasible,8,8,8,164,8,0.7497,65.0
pessimistic,250,random_feasible,8,8,8,9,15,0.8947,0.0
pessimistic,250,random_feasible,8,8,8,201,11,0.6821,0.0
pessimistic,250,random_feasible,8,8,8,245,18,0.6335,0.0
pessimistic,250,random_feasible,8,8,8,158,16,0.7863,0.0
pessimistic,250,random_feasible,8,8,8,53,10,0.4666,0.0
pessimistic,250,random_feasible,8,8,8,205,29,0.6756,5.0
pessimistic,250,random_feasible,8,8,8,63,12,0.1406,0.0
pessimistic,250,random_feasible,8,8,8,33,38,0.8917,0.0
pessimistic,250,random_feasible,8,8,8,63,12,0.8618,0.0
pessimistic,250,random_feasible,8,8,8,136,38,0.7292,5.0
pessimistic,250,random_feasible,8,8,8,136,0,0.6671,0.0
pessimistic,250,random_feasible,8,8,8,53,11,0.7031,0.0
pessimistic,250,random_feasible,8,8,8,193,27,0.4223,0.0
pessimistic,250,random_feasible,8,8,8,204,2,0.5974,0.0
pessimistic,250,random_feasible,8,8,8,112,14,0.9984,0.0
pessimistic,250,random_feasible,8,8,8,69,13,0.8765,0.0
pessimistic,250,random_feasible,8,8,8,105,38,0.7292,5.0
pessimistic,250,random_feasible,8,8,8,166,11,0.8392,45.0
pessimistic,250,random_feasible,8,8,8,193,28,0.5641,0.0
pessimistic,250,random_feasible,8,8,8,117,17,0.4268,0.0
pessimistic,250,random_feasible,8,8,8,117,17,0.4268,0.0
pessimistic,250,random_feasible,8,8,8,153,18,0.6335,0.0
pessimistic,250,random_feasible,8,8,8,51,38,0.7292,0.0
pessimistic,250,random_feasible,8,8,8,207,21,0.557,0.0
pessimistic,250,random_feasible,8,8,8,225,17,0.4268,0.0
pessimistic,250,random_feasible,8,8,8,71,5,0.8911,0.0
pessimistic,250,random_feasible,8,8,8,207,32,0.9746,0.0
pessimistic,250,random_feasible,8,8,8,37,25,0.9236,0.0
pessimistic,250,random_feasible,8,8,8,71,28,0.9273,0.0
pessimistic,250,random_feasible,8,8,8,167,18,0.4439,0.0
pessimistic,250,random_feasible,8,8,8,166,16,0.9427,0.0
pessimistic,250,random_feasible,8,8,8,248,15,0.7116,0.0
pessimistic,250,random_feasible,8,8,8,166,35,0.992,0.0
pessimistic,250,random_feasible,8,8,8,239,17,0.4235,0.0
pessimistic,250,random_feasible,8,8,8,13,27,0.7861,0.0
pessimistic,250,random_feasible,8,8,8,239,17,0.4235,0.0
pessimistic,250,random_feasible,8,8,8,214,10,0.5403,0.0
pessimistic,250,random_feasible,8,8,8,71,22,0.9803,0.0
pessimistic,250,random_feasible,8,8,8,123,0,0.5051,0.0
pessimistic,250,random_feasible,8,8,8,125,38,0.7292,0.0
pessimistic,250,random_feasible,8,8,8,207,4,0.8135,0.0
pessimistic,250,random_feasible,8,8,8,123,20,0.7104,0.0
pessimistic,250,random_feasible,8,8,8,184,8,0.7497,0.0
pessimistic,250,random_feasible,8,8,8,123,1,0.7792,0.0
pessimistic,250,random_feasible,8,8,8,125,0,0.5988,0.0
pessimistic,250,random_feasible,8,8,8,123,29,0.4459,0.0
pessimistic,250,random_feasible,8,8,8,125,20,0.2894,0.0
pessimistic,250,random_feasible,8,8,8,61,36,0.2547,0.0
pessimistic,250,random_feasible,8,8,8,94,25,0.6202,0.0
pessimistic,250,random_feasible,8,8,8,160,26,0.1964,0.0
pessimistic,250,random_feasible,8,8,8,184,27,0.9842,0.0
pessimistic,250,random_feasible,8,8,8,94,12,0.6952,0.0
pessimistic,250,random_feasible,8,8,8,197,8,0.7784,0.0
pessimistic,250,random_feasible,8,8,8,206,8,0.7497,20.0
pessimistic,250,random_feasible,8,8,8,212,0,0.4122,0.0
pessimistic,250,random_feasible,8,8,8,123,14,0.6516,0.0
pessimistic,250,random_feasible,8,8,8,152,8,0.711,0.0
pessimistic,250,random_feasible,8,8,8,197,11,0.2467,0.0
pessimistic,250,random_feasible,8,8,8,141,0,0.6671,0.0
pessimistic,250,random_feasible,8,8,8,144,28,0.4399,0.0
pessimistic,250,random_feasible,8,8,8,240,13,0.8909,0.0
pessimistic,250,random_feasible,8,8,8,58,23,0.3247,0.0
pessimistic,250,random_feasible,8,8,8,212,13,0.6698,0.0
pessimistic,250,random_feasible,8,8,8,123,9,0.9011,0.0
pessimistic,250,random_feasible,8,8,8,173,9,0.8235,0.0
pessimistic,250,random_feasible,8,8,8,245,29,0.5564,0.0
pessimistic,250,random_feasible,8,8,8,152,19,0.7692,0.0
pessimistic,250,random_feasible,8,8,8,152,8,0.7497,0.0
pessimistic,250,random_feasible,8,8,8,77,11,0.8392,0.0
pessimistic,250,random_feasible,8,8,8,45,17,0.4268,0.0
pessimistic,250,random_feasible,8,8,8,131,0,0.1235,0.0
pessimistic,250,random_feasible,8,8,8,65,28,0.6855,0.0
pessimistic,250,random_feasible,8,8,8,123,32,0.9346,0.0
pessimistic,250,random_feasible,8,8,8,157,37,0.9868,0.0
pessimistic,250,random_feasible,8,8,8,162,25,0.9236,0.0
pessimistic,250,random_feasible,8,8,8,178,17,0.4268,0.0
pessimistic,250,random_feasible,8,8,8,27,27,0.496,0.0
pessimistic,250,random_feasible,8,8,8,68,12,1.422,0.0
pessimistic,250,random_feasible,8,8,8,77,16,0.819,0.0
pessimistic,250,random_feasible,8,8,8,123,9,0.7767,0.0
pessimistic,250,random_feasible,8,8,8,178,38,0.591,0.0
pessimistic,250,random_feasible,8,8,8,123,38,0.5081,0.0
pessimistic,250,random_feasible,8,8,8,131,10,0.8297,0.0
pessimistic,250,random_feasible,8,8,8,116,25,0.9236,0.0
pessimistic,250,random_feasible,8,8,8,152,9,0.3266,0.0
